,Messages,Time Stamp,Spam
0,if banknifty loosing tomorrow then ICICI Bank will leading,10-02-2022 20.46,
1,Daily charts help traders to figure out short-term stock price movements... To know more bnfs.at/89Ic,10-02-2022 19.57,
2,Step out of your comfort zone to realize significant gains.... To know more bnfs.at/89Ic,10-02-2022 19.57,
3,Looking week From.here so wait for dip and buy more. for more live market updatez tipxz wtzpp on 84454:92O56,10-02-2022 19.04,
4,Dont buy for long term now wait for few moments and dip with right levels...,10-02-2022 18.34,
5,Never depend on single income. Make investment to create second source for more info..,10-02-2022 17.44,
6,something is cooking inside. its not participating in recent rallies.if market is week then this will be in leading position to fall.,10-02-2022 15.16,
7,Buy ICICI Bank with target of 814 & Stop loss at 798...visit goyaltips,10-02-2022 14.41,
8,icici bank buy on dips strong momentum seen..,10-02-2022 14.25,
9,Buy ICICI Bank with target of 816 & Stop loss at 800...visit goyaltips,10-02-2022 13.38,
10,ICICI Bank will cross Rs.867 from where it corrected due to panic selling in the market and then head to Rs.950.Buy ICICIC Bank now for a target of Rs.1100.,10-02-2022 13.23,
11,ICICI is getting strong fundamental signals it will beat the impact what is currently set by HDFC. To know exact target value v.gd/GjmAyK,10-02-2022 13.11,
12,GCM Securities currently trading at 9.07 the stock has been giving good returns since last 10 days a good stock to buy for long term investment also the company making good profit every year go for it,10-02-2022 12.52,
13,From Feb 1st only icici bank is not having Neither showing its strength bullish market,10-02-2022 12.12,
14,worst performance by it in this bullish market...high selling pressure in ICICI.,10-02-2022 11.44,
15,icici bank is showing strength like other private banks today,10-02-2022 11.06,
16,ICICI bank will be bullish if it breaks the resistance level. To know exact entry and exit level for more info v.gd/GjmAyK,10-02-2022 10.56,
17,Book PROFITS graduall in all .nifty might correct to 16000 and 15000 in a two months time .,10-02-2022 10.49,
18,icici bank buy on dips strong momentum seen..,10-02-2022 14.25,
19,Buy ICICI Bank with target of 816 & Stop loss at 800...visit goyaltips,10-02-2022 13.38,
20,ICICI Bank will cross Rs.867 from where it corrected due to panic selling in the market and then head to Rs.950.Buy ICICIC Bank now for a target of Rs.1100.,10-02-2022 13.23,
21,ICICI is getting strong fundamental signals it will beat the impact what is currently set by HDFC. To know exact target value v.gd/GjmAyK,10-02-2022 13.11,
22,GCM Securities currently trading at 9.07 the stock has been giving good returns since last 10 days a good stock to buy for long term investment also the company making good profit every year go for it,10-02-2022 12.52,
23,From Feb 1st only icici bank is not having Neither showing its strength bullish market,10-02-2022 12.12,
24,worst performance by it in this bullish market...high selling pressure in ICICI.,10-02-2022 11.44,
25,icici bank is showing strength like other private banks today,10-02-2022 11.06,
26,ICICI bank will be bullish if it breaks the resistance level. To know exact entry and exit level for more info v.gd/GjmAyK,10-02-2022 10.56,
27,Book PROFITS graduall in all .nifty might correct to 16000 and 15000 in a two months time .,10-02-2022 10.49,
28,icici bank buy on dips strong momentum seen..,10-02-2022 14.25,
29,Buy ICICI Bank with target of 816 & Stop loss at 800...visit goyaltips,10-02-2022 13.38,
30,ICICI Bank will cross Rs.867 from where it corrected due to panic selling in the market and then head to Rs.950.Buy ICICIC Bank now for a target of Rs.1100.,10-02-2022 13.23,
31,ICICI is getting strong fundamental signals it will beat the impact what is currently set by HDFC. To know exact target value v.gd/GjmAyK,10-02-2022 13.11,
32,GCM Securities currently trading at 9.07 the stock has been giving good returns since last 10 days a good stock to buy for long term investment also the company making good profit every year go for it,10-02-2022 12.52,
33,From Feb 1st only icici bank is not having Neither showing its strength bullish market,10-02-2022 12.12,
34,worst performance by it in this bullish market...high selling pressure in ICICI.,10-02-2022 11.44,
35,icici bank is showing strength like other private banks today,10-02-2022 11.06,
36,ICICI bank will be bullish if it breaks the resistance level. To know exact entry and exit level for more info v.gd/GjmAyK,10-02-2022 10.56,
37,Book PROFITS graduall in all .nifty might correct to 16000 and 15000 in a two months time .,10-02-2022 10.49,
38,icici bank buy on dips strong momentum seen..,10-02-2022 14.25,
39,Buy ICICI Bank with target of 816 & Stop loss at 800...visit goyaltips,10-02-2022 13.38,
40,ICICI Bank will cross Rs.867 from where it corrected due to panic selling in the market and then head to Rs.950.Buy ICICIC Bank now for a target of Rs.1100.,10-02-2022 13.23,
41,ICICI is getting strong fundamental signals it will beat the impact what is currently set by HDFC. To know exact target value v.gd/GjmAyK,10-02-2022 13.11,
42,GCM Securities currently trading at 9.07 the stock has been giving good returns since last 10 days a good stock to buy for long term investment also the company making good profit every year go for it,10-02-2022 12.52,
43,From Feb 1st only icici bank is not having Neither showing its strength bullish market,10-02-2022 12.12,
44,worst performance by it in this bullish market...high selling pressure in ICICI.,10-02-2022 11.44,
45,icici bank is showing strength like other private banks today,10-02-2022 11.06,
46,ICICI bank will be bullish if it breaks the resistance level. To know exact entry and exit level for more info v.gd/GjmAyK,10-02-2022 10.56,
47,Book PROFITS graduall in all .nifty might correct to 16000 and 15000 in a two months time .,10-02-2022 10.49,
48,FnO segment is super strong but newbies stay away from this stock,09-02-2022 19.01,
49,In this stock will see some more moments so just wait and watch,09-02-2022 18.59,
50,Technically looking very week in upcoming session so stay away for sometime,09-02-2022 18.37,
51,Will see more downtrend in upcoming session so he ready for come out from stock,09-02-2022 18.36,
52,This is the best time to take entry in this stock now..,09-02-2022 18.10,
53,This is the best time to take entry in this stock now..,09-02-2022 18.03,
54,Non stop 1000 till the market shine..bank shine...good fundamentals strong stock mark my words.,09-02-2022 18.01,
55,Strong movement will start after this week so stay hold your horses of this stock very tightly,09-02-2022 17.50,
56,"market cap cross cr , 20 day delivery - 20% , whose mein what is cooking inside.. I think will breaK ATH very soon as bn run towards 40000 ..good luk gy",09-02-2022 17.11,
57,"If RBI POLICY is neutral and not accommodative, nifty might come down little Will go up if status quo and accommodative stand . Be ready",09-02-2022 13.55,
58,Strong movement will start after this week so stay hold your horses of this stock very tightly,08-02-2022 22.53,
59,Paint secter is good for long -term investors but not this month wait for sometime,08-02-2022 22.52,
60,ICICI BANK GOOD FUNDAMENTAL KEEP ACCUMULATE AT EVERY DIPS,08-02-2022 22.51,
61,This stock may give you 2x 3x 4x return this year for sure...very bullish on technical charts..,08-02-2022 22.37,
62,tomorrow break out possible in this script as per technical chart analysis,08-02-2022 22.24,
63,PMC fincrop next multibigger stock target RS.10 plus March 2022 buy and hold once again RS.100 plus next 2 years bnfs.at/891c,08-02-2022 20.53,
64,this Stock is ready for more actions in coming week let the Nifty cross 1770 levels.. for more live market updatez & tipxz wtzpp on 84454:92O56,08-02-2022 19.38,
65,this Stock is ready for more actions in coming week let the Nifty cross 1770 levels.. for more live market updatez & tipxz wtzpp on 84454:92O56,08-02-2022 17.06,
66,Tomorrow be ready all operator for strong upper circuit be ready for retailer buying opportunity........bnfs.at/891c,08-02-2022 15.19,
67,BUY BHARTI FOR 250 PROFIT ACHIEVING POINT WITH ANALYST TELGRRM.......... bnfs.at/891c,08-02-2022 15.19,
68,ICICI bank will be bullish if it breaks the resistance level. To know exact entry and exit level for more info v.gd/GjmAyK,08-02-2022 7.41,
69,ICICI is getting strong fundamental signals it will beat the impact what is currently set by HDFC. To know exact target value v.gd/GjmAyK,08-02-2022 7.35,
70,agreed with you meonearth this was a trap laid out by FII and dii this has potential to reach 850,08-02-2022 7.29,
71,Put Writers Trapped can go down to 860-850 levels in next 2 sessions.,07-02-2022 23.56,
72,Global central banks are becoming more hawkish with calls for monetary policy tightening growing louder among policy makers to battle risks of rising global inflation.The positive labour report in the US on Friday further spoiled hopes ar...&nbsp,07-02-2022 23.52,
73,Emkay Global Financial Services studied the performance of around 35 companies in the main 3 sectors and evaluated where they stand currently vis-a-vis pre-COVID times and the result is shocking..,07-02-2022 23.42,
74,"As companies gradually recover from the adverse impact of the COVID-induced disruptions, investors are closely tracking the return to normalcy.",07-02-2022 23.41,
75,ICICI is getting strong fundamental signals it will beat the impact what is currently set by HDFC. To know exact target value v.gd/GjmAyK,07-02-2022 21.46,
76,If You are newbie then stay away from this stock its Not for you.,07-02-2022 21.07,
77,This stock may give you 2x 3x 4x return this year for sure...very bullish on technical charts..,07-02-2022 20.40,
78,"Be ready for rally nxt rally , Buy fundamentally strong stock , ICICI Bank best bet for next rally ... under perform sector rally will see ....",07-02-2022 12.48,
79,ICICI is getting strong fundamental signals it will beat the impact what is currently set by HDFC. To know exact target value v.gd/GjmAyK,07-02-2022 12.45,
80,ICICI bank will be bullish if it breaks the resistance level. To know exact entry and exit level for more info v.gd/GjmAyK,07-02-2022 12.38,
81,2k21 has been so Unprecedented for Long term most likely to confirm acceptance change the game.......Look for bnfs.at/891c,07-02-2022 12.36,
82,Trading is a skill Not a science so stop researching start following.........Look for bnfs.at/891c,07-02-2022 12.36,
83,"if index options are your cup of tea, for profits remember .",07-02-2022 12.07,
84,"ICICI Bank : Intra Day Target 795 , buy buy buy call given today in this counter for retail investors to make some good money today.",07-02-2022 12.05,
85,ICICI bank will be bullish if it breaks the resistance level. To know exact entry and exit level for more info v.gd/GjmAyK,07-02-2022 11.58,
86,ICICI is getting strong fundamental signals it will beat the impact what is currently set by HDFC. To know exact target value v.gd/GjmAyK,07-02-2022 11.52,
87,Ready for sustain again on coming days so be ready for see more actions for more updates and tipx wtzppp on 844549: 2O56,07-02-2022 11.37,
88,This week it will reach to 850 ... Accumulate as much as possible ,07-02-2022 8.42,
89,Rocket profit daily.. with small and safe trades 9.5.6.8.9.1.4.0.3.9 say hi,07-02-2022 8.42,
90,Lot of dust beneath the carpet. It is not for long term investment purposes but only for speculative purpose. Keep on enjoying.,07-02-2022 8.33,
91,"BUY WIPRO 646 SL 640 TARGET 650/655, For AnyTips OrHelp wtzp... 73OO7 :311 :44",07-02-2022 8.13,
92,ICICI is getting strong fundamental signals it will beat the impact what is currently set by HDFC. To know exact target value v.gd/GjmAyK,07-02-2022 7.12,
93,Reserve Bank of India (RBI) on Sunday announced rescheduling of rate-setting Monetary Policy Committee (MPC) meeting by a day in view of Maharashtra declaring public holiday on February 7 to mourn death of Bharat Ratna legendary singer Lata...&nbsp,06-02-2022 23.26,
94,Will see more downtrend in upcoming session so he ready for come out from stock,06-02-2022 20.02,
95,FnO segment is super strong but newbies stay away from this stock,06-02-2022 18.50,
96,If You are newbie then stay away from this stock its Not for you.,06-02-2022 18.50,
97,"As companies gradually recover from the adverse impact of the COVID-induced disruptions, investors are closely tracking the return to normalcy.",05-02-2022 21.20,
98,both target hit profit booking may start now..long term players may hold or try to reenter at lower levels..,04-02-2022 12.20,
99,"Buy, Sell or all queries..",04-02-2022 12.19,
100,ICICI Bank to raise stake in India International Clearing Corporation (IICC) to 9.9% with Rs 4.43 cr investment,04-02-2022 9.46,
101,Buy it will reach to 830 today,04-02-2022 9.21,
102,ICICI Bank Axis Bank Share Price 808.95 799.55 Book Value 236.23 338.22 Market Cap 561787 245306 2021 Revenue 89162 64696 2021 Net Profit 20220 7252 2021 EPS 27.26 24.19 2021 NIM 2.95 2.94 Last Qtr Interest 24314 17653 Last Qtr Gross NPA 4....&nbsp,04-02-2022 8.38,
103,"Never exaggerate, especially bad news.",03-02-2022 23.03,
104,Investment in banking and finance secter looking super strong after this budget,03-02-2022 21.55,
105,FnO segment is super strong but newbies stay away from this stock,03-02-2022 21.55,
106,Nasdaq has fallen buy IT stocks in Nasdaq ...they will recover,03-02-2022 21.09,
107,"market are all about correct patient trades and Mindset, if you are genuinely interested in growth together on profit sharing then wtzp .702.15.37.682",03-02-2022 19.18,
108,"This stock in 2 to 6 days Can go up very quickly from these levels, watch it bnfs.at/891c",03-02-2022 10.47,
109,Buy for investment purpose for 25% to 50% return in near term bnfs.at/891c,03-02-2022 10.46,
110,Something very interesting I want to share. Just see technical buy sell charts provided by www IntradayAFL com and the accuracy.,03-02-2022 10.03,
111,I have seen a website:- www IntradayAFL com It developed system to show live buy sell signals with Pop Up text alert & Voice Alert on calls. Also you can view free buy sell charts.,03-02-2022 10.03,
112,ICICI is getting strong fundamental signals it will beat the impact what is currently set by HDFC. To know exact target value v.gd/GjmAyK,03-02-2022 9.50,
113,ICICI is getting strong fundamental signals it will beat the impact what is currently set by HDFC. To know exact target value v.gd/GjmAyK,03-02-2022 9.25,
114,Huge short covering expected today. Maybe 830 can be achieved by the end of the day.,03-02-2022 9.15,
115,ICICI bank will be bullish if it breaks the resistance level. To know exact entry and exit level for more info v.gd/GjmAyK,03-02-2022 9.12,
116,ICICI is getting strong fundamental signals it will beat the impact what is currently set by HDFC. To know exact target value v.gd/GjmAyK,03-02-2022 9.05,
117,"ICICI Bank has broken out from the bullish Flag pattern on the daily charts, and the price breakout is accompanied by rising volumes. Primary trend of the stock has been bullish with higher tops and higher bottoms. The stock is placed above...&nbsp",02-02-2022 23.47,
118,ICICI is getting strong fundamental signals it will beat the impact what is currently set by HDFC. To know exact target value v.gd/GjmAyK,02-02-2022 14.51,
119,Buy ICICI Bank with target of 822 & Stop loss at 806...visit goyaltips,02-02-2022 14.48,
120,Today is bad luck for icici bank even in this kind of strong bank nifty participation it is struggling to move up.,02-02-2022 14.47,
121,ICICI is getting strong fundamental signals it will beat the impact what is currently set by HDFC. To know exact target value v.gd/GjmAyK,02-02-2022 14.35,
122,ICICI is getting strong fundamental signals it will beat the impact what is currently set by HDFC. To know exact target value v.gd/GjmAyK,02-02-2022 14.11,
123,Buy ICICI Bank with target of 820 & Stop loss at 803...visit goyaltips,02-02-2022 13.53,
124,Have an opinion on this news? Post your comment here.,02-02-2022 13.48,
125,Why are these boarders posting same msgs multiple times. Money control should block of ban such people,02-02-2022 13.37,
126,Buy Whirlpool India .But why?? 1)MNC company incorporated in 1911 and doing business in India since 1960. USA promoter holding 75% stake.2)US parent company is around life high and this is down 40% from the top of 2787 at 1800 which is near...&nbsp,02-02-2022 13.29,
127,ICICI bank will be bullish if it breaks the resistance level. To know exact entry and exit level for more info v.gd/GjmAyK,02-02-2022 13.01,
128,ICICI is getting strong fundamental signals it will beat the impact what is currently set by HDFC. To know exact target value v.gd/GjmAyK,02-02-2022 10.44,
129,Buy ICICI Bank with target of 822 & Stop loss at 806...visit goyaltips,02-02-2022 10.38,
130,ICICI bank will be bullish if it breaks the resistance level. To know exact entry and exit level for more info v.gd/GjmAyK,02-02-2022 10.30,
131,"Buy bpcl 318 and target will be 330/350 looking good pick , For AnyTips OrHelp wtzp... 73OO7 :311 :44",02-02-2022 10.21,
132,ICICI bank will be bullish if it breaks the resistance level. To know exact entry and exit level for more info v.gd/GjmAyK,02-02-2022 10.10,
133,ICICI is getting strong fundamental signals it will beat the impact what is currently set by HDFC. To know exact target value v.gd/GjmAyK,02-02-2022 10.07,
134,BUY BHARTI FOR 250 PROFIT ACHIEVING POINT WITH ANALYST ......... bnfs.at/891c,02-02-2022 10.00,
135,Growth oriented stocks will be accumulated heavily by fiis and diis. Full list available bnfs.at/891c,02-02-2022 9.59,
136,ICICI bank will be bullish if it breaks the resistance level. To know exact entry and exit level for more info v.gd/GjmAyK,02-02-2022 9.57,
137,ICICI is getting strong fundamental signals it will beat the impact what is currently set by HDFC. To know exact target value v.gd/GjmAyK,02-02-2022 9.52,
138,ICICIBANK GOOD FUNDAMENTAL NOW SHORT COVERING KEEP ACCUMULATE AND HOLD FOR LONG TURM..,01-02-2022 22.53,
139,"The recent stock observation, coupled with the fact that it has hit the crucial levels, suggests that it can witness a brief consolidation.",01-02-2022 21.38,
140,ICICI is getting strong fundamental signals it will beat the impact what is currently set by HDFC. To know exact target value v.gd/GjmAyK,01-02-2022 21.36,
141,"Never exaggerate, especially bad news.",01-02-2022 20.38,
142,Capitalism would make some people rich. Socialism would make everyone poor.,01-02-2022 20.37,
143,Spend each day trying to be a little wiser than you were when you woke up,01-02-2022 19.47,
144,"BUY ICICI BANK AT CMP 810 TGT 825/845 SL 798, TOMMOROW TELEGRAM-JUSTIRAD",01-02-2022 18.20,
145,Fundamentally strong stock add at every dips for long term...,01-02-2022 18.02,
146,Hmm its good day in the end my targets for this icici bank will be around 1000. still it can cross it one fine day .,01-02-2022 16.41,
147,The government has done a fantastic job of managing growth and providing the money for capex in the Budget 2022 proposals. They have raised more resources than what was expected. The government s fiscal management in these two years of the ...&nbsp,01-02-2022 16.27,
148,Retailer always take profit on high level. Always protect your profit and capital.,01-02-2022 13.37,
149,Life time high buyer cautious. Market will wipe your capital. Protect your money,01-02-2022 13.36,
150,ICICI bank will be bullish if it breaks the resistance level. To know exact entry and exit level for more info v.gd/GjmAyK,01-02-2022 13.03,
151,ICICI bank will be bullish if it breaks the resistance level. To know exact entry and exit level for more info v.gd/GjmAyK,01-02-2022 12.40,
152,ICICI is getting strong fundamental signals it will beat the impact what is currently set by HDFC. To know exact target value v.gd/GjmAyK,01-02-2022 12.35,
153,"hehe bank k liye kuch v nhi h iss budget m, market fall hona suru ho gya alert ho jao",01-02-2022 12.21,
154,ICICI bank will be bullish if it breaks the resistance level. To know exact entry and exit level for more info v.gd/GjmAyK,01-02-2022 12.14,
155,Bank Nifty is outperforming all other indices now as the budget is progressing. Stay tuned.,01-02-2022 12.14,
156,ICICI is getting strong fundamental signals it will beat the impact what is currently set by HDFC. To know exact target value v.gd/GjmAyK,01-02-2022 12.05,
157,ICICI bank will be bullish if it breaks the resistance level. To know exact entry and exit level for more info v.gd/GjmAyK,01-02-2022 11.53,
158,ICICI is getting strong fundamental signals it will beat the impact what is currently set by HDFC. To know exact target value v.gd/GjmAyK,01-02-2022 10.27,
159,Bajaj finserve positional above 17500 support 16250 target 21000 For AnyTips OrHelp wtzp... 73OO7 :311 :44,01-02-2022 10.27,
160,"if index options are your cup of tea, for profits remember",01-02-2022 10.22,
161,ICICI is getting strong fundamental signals it will beat the impact what is currently set by HDFC. To know exact target value v.gd/GjmAyK,01-02-2022 10.13,
162,Buy ICICI Bank with target of 820 & Stop loss at 804...visit goyaltips,01-02-2022 10.02,
163,ICICI bank will be bullish if it breaks the resistance level. To know exact entry and exit level for more info v.gd/GjmAyK,01-02-2022 10.02,
164,ICICI bank will be bullish if it breaks the resistance level. To know exact entry and exit level for more info v.gd/GjmAyK,01-02-2022 9.46,
165,ICICI is getting strong fundamental signals it will beat the impact what is currently set by HDFC. To know exact target value v.gd/GjmAyK,01-02-2022 9.43,
166,Buy ICICI Bank as earnings growth visibility is robust and the target of Rs.950 holds.,01-02-2022 9.35,
167,"Ready for 900 Strongly recommend to Buy : Today 835 , 840",01-02-2022 9.23,
168,If you check OI data it clear shows huge put writers at 15700 and 15750...giving good support as sgx nifty close in green by big margin..it clearly indicates bullish apttern in chart analysis...PCR ratio is also good..buy friends and best o...&nbsp,31-01-2022 18.49,
169,Never depend on single income. Make investment to create second source for more info.. Queen of future,31-01-2022 17.43,
170,Bajaj finserve positional above 17500 support 16250 target 21000 For AnyTips OrHelp wtzp... 73OO7 :311 :44,31-01-2022 17.40,
171,"Buy upl cmp 711 and above target 750/800 soon , forAnyTips OrHelp wtzp... 73OO : 7311 44",31-01-2022 16.13,
172,sell icici bank little weakness in counter some downside move expect in icici bank target 778 or 762 levels,31-01-2022 14.40,
173,ICICI bank will be bullish if it breaks the resistance level. To know exact entry and exit level for more info v.gd/GjmAyK,31-01-2022 14.30,
174,"Some Unauthorized News is coming from another forums, check now... Queen of future",31-01-2022 14.11,
175,Investing is not an easy mind game ....it requires patience to feel the power of stock market..... Queen of future,31-01-2022 14.10,
176,worst share ever in banking sector after pnb.... peoples are stuck in this garbage  including me.... targets are increasing by analysts in every 15 days... totally manipulated.,31-01-2022 13.55,
177,Cautious on Event day. FII will sell unusually sometime. Protect your capital.,31-01-2022 13.42,
178,ICICI is getting strong fundamental signals it will beat the impact what is currently set by HDFC. To know exact target value v.gd/GjmAyK,31-01-2022 10.53,
179,ICICI bank will be bullish if it breaks the resistance level. To know exact entry and exit level for more info v.gd/GjmAyK,31-01-2022 10.43,
180,ICICI is getting strong fundamental signals it will beat the impact what is currently set by HDFC. To know exact target value v.gd/GjmAyK,31-01-2022 10.39,
181,ICICI bank will be bullish if it breaks the resistance level. To know exact entry and exit level for more info v.gd/GjmAyK,31-01-2022 10.12,
182,ICICI is getting strong fundamental signals it will beat the impact what is currently set by HDFC. To know exact target value v.gd/GjmAyK,31-01-2022 10.09,
183,ICICI bank will be bullish if it breaks the resistance level. To know exact entry and exit level for more info v.gd/GjmAyK,31-01-2022 9.58,
184,Buy ICICI Bank with target of 808 & Stop loss at 792...visit goyaltips,31-01-2022 9.50,
185,Investing is not an easy mind game ....it requires patience to feel the power of stock market..... bnfs.at/891c,31-01-2022 9.31,
186,Crude oil Beneficiaries like ongc gail and bpcl will fire. Want to know more beneficiary cost Crude oil Beneficiaries like ongc gail and bpcl will fire. Want to know more beneficiary cos ..bnfs.at/891c,31-01-2022 9.30,
187,ICICI is getting strong fundamental signals it will beat the impact what is currently set by HDFC. To know exact target value v.gd/GjmAyK,31-01-2022 9.04,
188,Investors often make things too hard for themselves. The value stocks that Buffett prefers frequently outperform the market,29-01-2022 21.42,
189,"If it seems too hard to find the next Amazon, John Bogle came up with the only sure way to get in on the action",29-01-2022 21.41,
190,Most people dismiss many of the best and most profitable investment ideas,29-01-2022 21.41,
191,"Looking at history, the markets recovered from the coronavirus crisis, the 2008 financial crisis",29-01-2022 21.41,
192,Fundamentally strong stock add at every dips for long term,29-01-2022 16.09,
193,ICICI is getting strong fundamental signals it will beat the impact what is currently set by HDFC. To know exact target value v.gd/GjmAyK,29-01-2022 13.53,
194,ICICI ADR Closed with positive note. Lets hope ICICI will have good move on monday,29-01-2022 9.17,
195,"Intimation regarding Loss of share certificates and issue of duplicate share certificate of ICICI Bank Limited pursuant to SEBI Regulations, 2015",28-01-2022 22.36,
196,"Never exaggerate, especially bad news.",28-01-2022 21.25,
197,Capitalism would make some people rich. Socialism would make everyone poor.,28-01-2022 21.25,
198,"Some Unauthorized News is coming from another forums, check now... Queen of future",28-01-2022 13.31,
199,buy BHEL now .. upward movement till Rs.62 expected in next 1 hour . buy without thinking and sell at 3.30 PM,28-01-2022 13.30,
200,Never depend on single income. Make investment to create second source for more info.. Queen of future,28-01-2022 13.27,
201,this Stock is ready for more actions in coming week let the Nifty cross 1770 levels.. for more live market updatez & tipxz wtzpp on 84454:92O56,28-01-2022 13.17,
202,Big rally will see in ICICI bank : Strong Buy Call : sort term TGT : 900,28-01-2022 13.07,
203,As told before this is nothing but a piece of shit.... Axis and Indus ran 7 to 8%.. this scrap is down....,28-01-2022 13.07,
204,BLACK CROW WAS SEEN ON DAY CHART BE ALERT decide yourself tgt 772....,28-01-2022 12.55,
205,"ICICI Bank : Intra Day Target : 810 , buy buy buy call given today for good intra day profits in this counter. Buy buy ...",28-01-2022 12.17,
206,ICICI bank will be bullish if it breaks the resistance level. To know exact entry and exit level for more info v.gd/GjmAyK,28-01-2022 11.32,
207,....buy ICICI Bank fut 797-792 cbsl 784 target 812-817-822......,28-01-2022 11.22,
208,"Nifty downside is vey limited now so friends buy quality stocks without any fear. RIL, ICICI Bank, Infosys etc May be accumulated",28-01-2022 1.04,
209,The Union Budget 2022-23 will be available on the mobile App after it is presented in Parliament. The App will provide easy and quick access to Union Budget information to all stakeholders. It is a bilingual App (English and Hindi) and is a...&nbsp,27-01-2022 23.10,
210,Have an opinion on this news? Post your comment here.,27-01-2022 22.17,
211,Have an opinion on this news? Post your comment here.,27-01-2022 22.16,
212,Have an opinion on this news? Post your comment here.,27-01-2022 21.52,
213,Have an opinion on this news? Post your comment here.,27-01-2022 21.51,
214,ICICI is getting strong fundamental signals it will beat the impact what is currently set by HDFC. To know exact target value v.gd/GjmAyK,27-01-2022 21.41,
215,Best time for investment in pharma more detls. DONT MISS THIS TIME.. Queen of future,27-01-2022 19.50,
216,"Inspite of good result, Icicibank has gone down.This is when many analysts have given buy recommendation. This is pure operators play to catch investors off-guard. Meanwhile almost all banks have gone up. Now it is ready to spurt anytime. E...&nbsp",27-01-2022 18.56,
217,air india handover tata sons big positive for market we will see bounce again in market nifty may be try to come in positive,27-01-2022 14.58,
218,Fundamentally strong stock add at every dips for long term for more... bnfs.at/891c,27-01-2022 13.06,
219,banknifty today again ready to lead market means nifty will less recover then banknifty better to long banknifty compare to nifty .it will close in green doubt about nifty. it can be underperform,27-01-2022 13.06,
220,I am waiting an sustainable pull back in market so it can fly and crush all short sellers.Its possible today as too much correction whole expiry in current month.short covering how much possible no one know,27-01-2022 13.04,
221,Fake media continuously spread rumours to pull market further down as they want lower levels in market.,27-01-2022 13.02,
222,"The stock has been running in correction mode for the last five trading sessions. Primary trend of the stock has been bullish with higher tops and higher bottoms. It is placed above all important moving averages, which indicates bullish tre...&nbsp",27-01-2022 12.46,
223,"We expect its loan book to grow at CAGR of 19% over FY21-23E, led by technology initiatives. The credit cost normalization is underway. We estimate return ratio ROA/ROE of 1.9% and 15.8% in FY22E. We value the standalone entity at 3.3xFY23E...&nbsp",27-01-2022 12.44,
224,"ICICI Bank : Intra Day Target 796, buy buy buy call given today for very good intra day gains in this counter.",27-01-2022 12.43,
225,buy buy BHEL now with target of Rs.75 expected in coming week,27-01-2022 12.29,
226,Utilize all the dips to buy and hold for a month . Upmove guaranteed in a two days . TARGET is 18000 and 18600 .,27-01-2022 12.26,
227,Recovery in Nifty to start in a two days up move to 18000 and 19000 in February . Avoid intraday .Buy and hold a month .,27-01-2022 12.21,
228,shame on you icici...worst experience ever in banking...waiting for my buy level to exit.... nothing positive after results.,27-01-2022 9.34,
229,"Today is the great price for buy, dont miss the opprtunity, buty today itself, very attractive price",27-01-2022 9.21,
230,ICICI is getting strong fundamental signals it will beat the impact what is currently set by HDFC. To know exact target value v.gd/GjmAyK,27-01-2022 7.39,
231,ICICI Bank has successfully transitioned from being a turnaround story to a growth stock.ICICI Bank has successfully transitioned from being a turnaround story to a growth stock.,26-01-2022 22.34,
232,Buy Confidence petro good share promoter holding is increase by every quarter and in sep 2021 quarter profit is double must buy tomorrow target is Rs.120 in short term So it is right time to move tommorow onwards.Just to buy take benefit it,26-01-2022 21.51,
233,Best time for investment in pharma more detls. DONT MISS THIS TIME.. Queen of future,26-01-2022 16.58,
234,Fundamentally strong stock add at every dips for long term...,26-01-2022 15.29,
235,Fundamentally strong stock add at every dips for long term for more... Queen of future,26-01-2022 14.24,
236,ICICI bank will be bullish if it breaks the resistance level. To know exact entry and exit level for more info v.gd/GjmAyK,26-01-2022 14.18,
237,ICICI is getting strong fundamental signals it will beat the impact what is currently set by HDFC. To know exact target value v.gd/GjmAyK,26-01-2022 14.12,
238,"Three dirty words of finance are leverage, derivatives and shorting. - Cliff Asness",25-01-2022 20.10,
239,Strongly recommend to Buy : Next week 870,25-01-2022 15.24,
240,slowly Rs 800 call positions are coming down vis a vis Put positions. watch.,25-01-2022 14.59,
241,Long term investor sell on rise in ICICI Bank. Cautious. Protect your capital,25-01-2022 14.41,
242,At Rs 800 lot of call writing has taken place yesterday and today. Once Rs 805 807 is taken out the stock will move like rocket with short covering .,25-01-2022 14.36,
243,"why it is notoving up, bn recovered more than 1000 points from days low.Axis, SBI, indusind all are up by 4%, is this also purely operator stock ?",25-01-2022 14.33,
244,may be negative sentiments or comments...can blow it up.... i hope u understood. full negative kr do isko saale bech de sab maal....aur ye upar jaye fir,25-01-2022 14.30,
245,Investors are buying ICICI Bank as Q3 results were outstanding and as earnings growth visibility is robust. Buy ICIC Bank for a target of Rs.1100.,25-01-2022 14.25,
246,ICICI is getting strong fundamental signals it will beat the impact what is currently set by HDFC. To know exact target value v.gd/GjmAyK,25-01-2022 14.23,
247,icici..will not move now...sell ur holdings..or options...it will nose dive to a day or two,25-01-2022 14.22,
248,what the hell with this stock....we are waiting to fly above yesterday levels 816...... but not going above 800...what happen...bank nifty is flying...y this is not....?? plz suggest....shud i hold or not,25-01-2022 13.08,
249,"this stock is fundamentally very strong stock for short term and long term, my target f for this target is 900",25-01-2022 12.50,
250,ICICI is getting strong fundamental signals it will beat the impact what is currently set by HDFC. To know exact target value v.gd/GjmAyK,25-01-2022 12.28,
251,ICICI is getting strong fundamental signals it will beat the impact what is currently set by HDFC. To know exact target value v.gd/GjmAyK,25-01-2022 12.17,
252,"This Is consolidating for big move,just hold on tightly ,it will test patience for some time and will sky rocket .",25-01-2022 12.16,
253,Facing resistance at 803-804.. if that barrier cross .. it will go by 817-818 by day end.,25-01-2022 12.06,
254,"ICICI bank : intra day target : 785 , sell call given today to make money in this counter for shorters.",25-01-2022 12.05,
255,ICICI bank will be bullish if it breaks the resistance level. To know exact entry and exit level for more info v.gd/GjmAyK,25-01-2022 12.04,
256,This is the first garbage in my portfolio ever...such a pathetic stock in market in current situation... nothing upward after results...HDFC and ICICI Bank both are same in behaviour...lost 50k in two days.,25-01-2022 11.57,
257,crazy if giving very good results it stays at that level. this should be going towards 900 . come on bulls its up to you guys. but buy buy.,25-01-2022 11.36,
258,markets just at the right mood for new positions on long side .,25-01-2022 9.48,
259,ICICI results are 100 times better than axis bank in all aspects but movement of both stocks are opposite.,25-01-2022 9.48,
260,Buy ICICI Bank as Q3 results were outstanding and ICICI Bank will head to Rs.890. The target of Rs.1100 holds.,25-01-2022 9.47,
261,ICICI is getting strong fundamental signals it will beat the impact what is currently set by HDFC. To know exact target value v.gd/GjmAyK,25-01-2022 9.11,
262,ICICI is getting strong fundamental signals it will beat the impact what is currently set by HDFC. To know exact target value v.gd/GjmAyK,25-01-2022 7.55,
263,Buy Whirlpool India .But why?? 1).MNC company incorporated in 1911 and doing business in India since 1960. USA promoter holding 75% stake.2)US parent company is around life high and this is down 40% from the top of 2787 at 1800 which is nea...&nbsp,25-01-2022 7.28,
264,john 5% up but ive 1 pe all pe squareup,24-01-2022 23.15,
265,Adani is entering in Electric Vehicles manufacture . Buy Adani Enterprise. . CMP is 1715 . Short term TARGET is 2000 .,24-01-2022 22.21,
266,Tomorrows Closing Price Will Be Above 815,24-01-2022 19.11,
267,The Stock Will Surely Up By 2.55% By Tomorrow!!!,24-01-2022 19.08,
268,I also remained confused about when to buy and sell a stock. But the technical charts of www IntradayAFL com solved my problem.,24-01-2022 15.26,
269,Buy ICICI Bank as it will cross Rs.850 in a few trading sessions and head to Rs.900. Buy ICICI Bank for a target of Rs.1100.,24-01-2022 15.15,
270,think some operators are giving buy call. They may want to exit at higher level. ICICI bank is at 52 week high. Be cautious. Wait till market stablised. Avoid any stock,24-01-2022 14.48,
271,yet till 18000 levels hope not over as approx two crore put writer yet till stand means hope for upside oversold market now we may see bounce and short covering opportunity.sure shot,24-01-2022 14.44,
272,although move in market very sharp like machine but in my view i am not positive in market although it can be move 200 points easily in few minutes,24-01-2022 14.39,
273,"Our predictions of 10 % correction is over from 18600 to 17000 . Markets to recover gradually to 17400 , and 17600 , 17800 in short term .",24-01-2022 14.30,
274,ICICI is getting strong fundamental signals it will beat the impact what is currently set by HDFC. To know exact target value v.gd/GjmAyK,24-01-2022 14.20,
275,If you have long in ICICI bank Exit Exit. This can gogo below 750.it is expert advice,24-01-2022 14.17,
276,I think fake paid news media channels should be banned immediately .They are responsible to spread rumours and increase uncertainty in market for their personal profit .,24-01-2022 14.13,
277,Biggies making market fall on fake news so that they can buy cheap before budget rally.,24-01-2022 13.41,
278,see my calculation today fall too much so tomorrow if little bounce due o US then also market cannot cross anykey levels all game spread by short sellers for expiry bindaas short or avoid long before monthly expiry sure shot call,24-01-2022 11.58,
279,bhanta iska profit toh kuch nahi kar paya..market gira ..sabse bada kaun? Ans: operators.,24-01-2022 11.57,
280,dont short nifty. buy icici will definitely move,24-01-2022 11.54,
281,ICICI bank will be bullish if it breaks the resistance level. To know exact entry and exit level for more info v.gd/GjmAyK,24-01-2022 11.54,
282,market free fall like modi govt. and economy collapse no support or reach at peak of downtrend today. better to not touch falling knife,24-01-2022 11.52,
283,iskimaakiichciityhhhhh lou d d a a bank nifty.. ikssiis maamkai chciiuuutgh,24-01-2022 11.52,
284,ICICI is getting strong fundamental signals it will beat the impact what is currently set by HDFC. To know exact target value v.gd/GjmAyK,24-01-2022 11.51,
285,"Some Unauthorized News is coming from another forums, check now...",24-01-2022 11.50,
286,buy for the target of 815 today itself now at this movement,24-01-2022 11.50,
287,ICICI bank will be bullish if it breaks the resistance level. To know exact entry and exit level for more info v.gd/GjmAyK,24-01-2022 11.26,
288,exit from my long call as hit stoploss indian market is in big trap monthly expiry will be below 17500 its sure shot no support work everyday nifty down 150-200 points serious thing better to avoid longs in market,24-01-2022 10.18,
289,Having good price trends in past history and also having scope for near future,24-01-2022 10.18,
290,I dont think one should buy any stock at this level. See CONCOR posted best results on Friday. Sock opened gap up and closed 6 percent down. Sor till now profit booking were in last 10 days in IT mid cap stock. I think FII are booking profi...&nbsp,24-01-2022 10.11,
291,BUY CALLICICI BANK SL:-801 1st Target:-816 2nd Target:-820,24-01-2022 10.08,
292,Buy ICIC Bank as it is heading to Rs.900 as Q3 results were spectacular and ICICI Bank is a compelling buy for a target of Rs.1100.,24-01-2022 9.51,
293,"hope everyone enjoy profit in my banknifty call as its in positive now , now exclusive intraday call risky traders can buy nifty with sl-17400 target 17700 possible today we may see spike also in market",24-01-2022 9.51,
294,once it takes out days high we can see blast ,24-01-2022 9.49,
295,Have an opinion on this news? Post your comment here.,24-01-2022 9.44,
296,ICICI is getting strong fundamental signals it will beat the impact what is currently set by HDFC. To know exact target value v.gd/GjmAyK,24-01-2022 9.43,
297,means only FII and few big investors and operators control market and in profit rest all only here with huge loss. Now its game nothing more then this,24-01-2022 9.40,
298,830 and 840 shorters will run for cover propelling massive short covering. Stock may surge 10-15% on back of excellent results plus short covering.!! hold tight for 1000 target.,24-01-2022 9.06,
299,"Both AXis & ICICI are poised for re-rating. Both stock will trade in 4 digits shortly. Today ICICI may touch 10% circuit irrespective of market turmoil. AXIS also will rally today since today is results day. Going by stock valuations, AXIS ...&nbsp",24-01-2022 8.47,
300,"Icicibank Nse cash cmp-804.50, buy in dip till hold above -800 , stat away below 799 crack sustain Hurdles cum breakouts H1B1-814 H2B2-836 Fresh buy starts above-808 cross sustain , stop loss-797 & 794 tgts-810-815-818-823-826, extended tgt...&nbsp",24-01-2022 8.33,
301,Best and Strong tips by kd sir .. just ping ..9568914039 .... say hi,24-01-2022 8.09,
302,ICICI bank will be bullish if it breaks the resistance level. To know exact entry and exit level for more info v.gd/GjmAyK,24-01-2022 7.35,
303,ICICI is getting strong fundamental signals it will beat the impact what is currently set by HDFC. To know exact target value v.gd/GjmAyK,24-01-2022 7.31,
304,This bank is much better wrt internet and mobile banking than HDFC and Kotak I dont know why it is even trading below 3 digit This stock must be at 1500 This is Gem,24-01-2022 7.29,
305,bevakoof agar dow futures theek rahega toh market recover kar sakta hai.. itna malum hai???,24-01-2022 3.07,
306,In Q2 before the results day ICICI closed at 759 and next day opened at 800 and hit a high of 867 which is a 100 point gain. Will that happen again as the SGX nifty is showing a weak start of 200 point down?,24-01-2022 2.14,
307,Buy loss making company TTL which gave 100 times return due to operators. Rise decided by operators,24-01-2022 0.48,
308,"Batra said the bank made recoveries worth Rs 4,200 crore in Q3. Amongst this Rs 4,200 crore, most of the recoveries have been from the retail side. We had about Rs 3,700 crore of recoveries from retail and about Rs 482 crore from the corpor...&nbsp",23-01-2022 21.05,
309,"On the back of overdue correction in IT index and IT stocks, expect pharma, bank stocks and metal stocks to start shooting up which are available at beaten down prices",23-01-2022 19.52,
310,Can get frozen at 10% UC tomorrow at OPEN itself. another burst after that can take it 13% higher...Big Short covering to happen in this counter.,23-01-2022 17.38,
311,"*CLSA: ICICI Bank | Best in classcontinues to deliver* *Expect its rerating to continue raise target price to Rs1,125 (40% upside)* ICICI Bank delivered strong 3QFY22 results with core PPOP growth of 22% YoY driven by strong margins ( 30...&nbsp",23-01-2022 18.35,
312,"*CLSA: ICICI Bank | Best in classcontinues to deliver* *Expect its rerating to continue raise target price to Rs1,125 (40% upside)* ICICI Bank delivered strong 3QFY22 results with core PPOP growth of 22% YoY driven by strong margins ( 30...&nbsp",23-01-2022 17.29,
313,ICICI is getting strong fundamental signals it will beat the impact what is currently set by HDFC. To know exact target value v.gd/GjmAyK,23-01-2022 14.46,
314,ICICI is getting strong fundamental signals it will beat the impact what is currently set by HDFC. To know exact target value v.gd/GjmAyK,23-01-2022 13.09,
315,Sell at 950 on Monday. Hope it hits circuit. Enjoy holding your position in dream for Monday opening.,23-01-2022 12.52,
316,Investing is not an easy mind game ....it requires patience to feel the power of stock market..Chek detls tlee-gram neha0103,22-01-2022 13.28,
317,this time ... reliance and icici ... will change your perception. up move has come,23-01-2022 10.21,
318,ICICI is getting strong fundamental signals it will beat the impact what is currently set by HDFC. To know exact target value v.gd/GjmAyK,23-01-2022 7.11,
319,Get ready for upper circuit in icici bank on Monday,23-01-2022 6.20,
320,sell all your icici holding on opening book profit blood bath like TCS and bf twins on the cards fii got heavy pressure,23-01-2022 4.00,
321,ICICI BANK turnaround from near ICU since 2018 is phenomenal. The stock price may rise to previous Sept quarter results high of 850 but vulnerable to selloff from high. For long-term investors still a best entry point & can double from this...&nbsp,23-01-2022 2.24,
322,3rd quarterly results of ICICIbBank are quite impressive and this may boost its share price considerably on Monday.,23-01-2022 2.03,
323,Dont look for the needle in the haystack. Just buy the haystack,23-01-2022 1.32,
324,US has lots of problem but we dont have the problems what they are facing after giving so much money to people in US. still they are struggling to recover from pandemic. but we are not struggling that way right. be confidence on ur knowledg...&nbsp,23-01-2022 1.01,
325,Let us see monday morning who win Nifty and bank nifty shorts or quality of ICICI results,23-01-2022 0.59,
326,ICICI Bank Hikes Interest Rates of Fixed Deposits,22-01-2022 23.57,
327,Buy Whirlpool India .But why??? 1) MNC company incorporated in 1911 and doing business in India since year 1960. USA promoter holding 75% stake. 2)US parent company is around life time high and this is down 40% from the top of 2787 at 1800r...&nbsp,22-01-2022 23.20,
328,profit booking will happen heavily.....on monday,22-01-2022 20.18,
329,"Last week market in bear grip, things will change by Monday , some big move pending from bank nifty, I guess on Monday this script will initiate the trigger. If this is true I am sure icici bank will create new 52 week high otherwise it wil...&nbsp",22-01-2022 20.12,
330,Bank sector will be more bearish in upcoming session.,22-01-2022 20.11,
331,dear friends I earned 25k in options call when recent break out. as the month expiry is close please watch max calls at what level this will act as the resistance. preferably add some shares to your long portfolio as this one is next HDFC b...&nbsp,22-01-2022 20.09,
332,it will depend on market mood on Monday and our budget strength on Feb 1st. markets in  grip,22-01-2022 20.06,
333,what a time to post wonderful figures. unfortunately markets are under  bears grip. will some body tell whether it is pull back or a crash like feb2020.,22-01-2022 20.04,
334,Do analyse properly it can cross the previos high,22-01-2022 20.02,
335,This stock is near 52 week high. Invest in auro pharma to reap high return in short term,22-01-2022 19.57,
336,Monday will not investor day if u see global market behave NASDAQ under selling pressure like dot com bubble as many people predictions,22-01-2022 19.54,
337,Stellar Results. Its Beat on all parameters. It has taken out sleep of people on short side. Let those people post negative comments for their self satisfaction & get good sleep. Monday huge rally in Bank Nifty & Sensex also ignoring overni...&nbsp,22-01-2022 19.50,
338,Excellent results Net Profit up more than 25% YOY and market was expected 17-22% certainly beat expectations.,22-01-2022 16.33,
339,Block buster results.buy target 950 !!!,22-01-2022 16.49,
340,mkt will zoom super results .... reliance and icici both will change ... early morning just hold ... solid short covering 100%,22-01-2022 16.56,
341,bumper result.... Should touch 1000 in next 3 months,22-01-2022 16.50,
342,"Private lenderICICI Bankon Saturday reported a 25 per cent year-on-year (YoY) rise in net profit at Rs 6,194 crore for the December quarter compared with a profit of Rs 4,940 crore in the corresponding quarter last year.",22-01-2022 16.59,
343,Shocking 25% increase in profit has given to heart attack to many. Analysts were expecting good results but it beat their expectation.,22-01-2022 17.09,
344,"ICICI Bank Q3 Results: Profit rises 25% YoY to Rs 6,194 crore NII jumps 23% Monday icici good return bestever",22-01-2022 17.12,
345,"Banking stocks will go up on Monday. YES bank 20% up, Bandhan, ICICI 10% up, HDFC 8% up. AU bank: 5% down.",22-01-2022 17.12,
346,last quarter ICICIBANK was 11% up after results and BANKNIFTY 1500 points. if results are better than expected then surely we may expect the same on Monday also.,22-01-2022 17.35,
347,I am having 4 lot ce of 800. let see expecting to double my money along with 37500 ce 4 lots,22-01-2022 17.49,
348,"Private lenderICICI Bankon Saturday reported a 25 per cent year-on-year (YoY) rise in net profit at Rs 6,194 crore for the December quarter compared with a profit of Rs 4,940 crore in the corresponding quarter last year.",22-01-2022 16.59,
349,Shocking 25% increase in profit has given to heart attack to many. Analysts were expecting good results but it beat their expectation.,22-01-2022 17.09,
350,"ICICI Bank Q3 Results: Profit rises 25% YoY to Rs 6,194 crore NII jumps 23% Monday icici good return bestever",22-01-2022 17.12,
351,"Banking stocks will go up on Monday. YES bank 20% up, Bandhan, ICICI 10% up, HDFC 8% up. AU bank: 5% down.",22-01-2022 17.12,
352,last quarter ICICIBANK was 11% up after results and BANKNIFTY 1500 points. if results are better than expected then surely we may expect the same on Monday also.,22-01-2022 17.35,
353,Bewkoof kaun hoga ADR trader or Monday under NSE trader iska result closing price se pata chalega,22-01-2022 17.41,
354,Super results... Budget expectations... boom boom to 900 levels within this week,22-01-2022 17.29,
355,do you know what will happen if hdfc and icici both go up 8% ??? bank nifty will hit new ath..so think before posting,22-01-2022 17.21,
356,Last Qtr Axis posted steller number if any one remember but fall badly next day,22-01-2022 17.18,
357,Feeling very sad why I sold my CE  Monday this will be above 825 to 835 may be 850 as well,22-01-2022 17.14,
358,Shocking 25% increase in profit has given to heart attack to many. Analysts were expecting good results but it beat their expectation.,22-01-2022 17.09,
359,"ICICI Bank Q3 Results: Profit rises 25% YoY to Rs 6,194 crore NII jumps 23% Monday icici good return bestever",22-01-2022 17.12,
360,"Banking stocks will go up on Monday. YES bank 20% up, Bandhan, ICICI 10% up, HDFC 8% up. AU bank: 5% down.",22-01-2022 17.12,
361,Rise is profit is fine but more than that rise in net income interest is excellent. this is recursive. very positive and this boost entire banking stocks,22-01-2022 17.09,
362,5 brokerages are giving 1000 to 1150 as target for ICICI bank after giving the best quarterly result ever.,22-01-2022 17.07,
363,Looks many people are holding short position in ICICI and posting negative views,22-01-2022 16.59,
364,"Will fall badly tomorrow, look at the HDFC Bank result its not bad but fall, ICICI already held on price even in correction",22-01-2022 16.57,
365,this stock can go up very quickly from these levels target 826-840,22-01-2022 15.05,
366,results wil be good and it will go up like 1-2 Percentage and fall immediately 3 percent,22-01-2022 16.34,
367,results are our at bse website net profit 6130 cr gnpa and net NPA are down,22-01-2022 16.39,
368,"Just swa the nos, extraordinary performance by the bank",22-01-2022 16.28,
369,after results 1000 cross pakka big big improvement in bank icici bank,22-01-2022 15.07,
370,"Any how the stock price is going to fall on Monday, ICICI bank should add their future NPAs aswell in their current result.",22-01-2022 14.52,
371,ICICI is getting strong fundamental signals it will beat the impact what is currently set by HDFC. To know exact target value v.gd/GjmAyK,22-01-2022 13.40,
372,ICICI is getting strong fundamental signals it will beat the impact what is currently set by HDFC. To know exact target value v.gd/GjmAyK,22-01-2022 13.03,
373,ICICI bank will be bullish if it breaks the resistance level. To know exact entry and exit level for more info v.gd/GjmAyK,22-01-2022 12.30,
374,ICICI bank will be bullish if it breaks the resistance level. To know exact entry and exit level for more info v.gd/GjmAyK,22-01-2022 12.00,
375,ICICI bank will be bullish if it breaks the resistance level. To know exact entry and exit level for more info v.gd/GjmAyK,22-01-2022 11.18,
376,ICICI is getting strong fundamental signals it will beat the impact what is currently set by HDFC. To know exact target value v.gd/GjmAyK,22-01-2022 10.01,
377,ICICI is getting strong fundamental signals it will beat the impact what is currently set by HDFC. To know exact target value v.gd/GjmAyK,22-01-2022 9.13,
378,today below 800 is possible may be 793 lets see,21-01-2022 13.33,
379,I feel after result this will be below 780 or 770 lets see,21-01-2022 13.26,
380,"As 22nd Jan is December qtr results, Today is last day to buy before resuktd",21-01-2022 13.03,
381,"Amongst Adr ( American Depositary receipt) biggest beneficiary yesterday was Icicibank. Therefore last 30 minutes of trade, Icicibank will be worth the watch. Shubh Labh.",21-01-2022 12.46,
382,ICICI bank will be bullish if it breaks the resistance level. To know exact entry and exit level for more info v.gd/GjmAyK,21-01-2022 12.44,
383,"As icicibank takes leadership position in private banks and as mantle changes hands from erstwhile leader hdfcbank to icicibank, Rerating happens and that is very big leap ahead. Do ensure you are on board well before that and enjoy the joy...&nbsp",21-01-2022 12.44,
384,"BN is recorded nicely but this is not going up as result on tmrw , shame on you icici bank management",21-01-2022 12.40,
385,"ICICI Bank : Intra Day Target : 812 , buy call given today to make decent gains in this counter.",21-01-2022 12.33,
386,1st target acchived in icici bank 798 second target 790 levels,21-01-2022 11.51,
387,ICICI BANK NOW GOING ON RECOVERY IN THE MARKET,21-01-2022 11.13,
388,ICICI Bank best performer in banking with 42% returns in FY22: Report,20-01-2022 17.23,
389,"ICICI Bank has been the best performer in the banking sector as it delivered 80 per cent/42 per cent returns over FY21/FY22 year to date, according to Motilal Oswal Institutional Equities",20-01-2022 17.23,
390,"Leading indicator RSI is placed at 60 which is showing further price strength. On a higher time frame, a counter formed a Morning Star pattern, which is a bullish reversal candlestick pattern.",20-01-2022 17.17,
391,Prices are trading in uncharted territory and hence one should ride the trend by keeping a trailing stop loss method.,20-01-2022 17.11,
392,"Telle grm Profit_Junction : Adani ports is consolidating as per RSI, ichimoku in weekly chart. Buy abv its next resistance 718 for 750 . I share freee intraday caallls in my Tellee grm Profit_Junction",20-01-2022 16.32,
393,Telle grm Profit_Junction : Jubilant food near to breakout and looks little bullish as per the indicators in daily charts. Buy it abv 3850 for 4100 in 2 week time frame. I share freee intraday caallls in my Tellee grm Profit_Junction,20-01-2022 15.38,
394,Telle grm Profit_Junction : ACC formed inverted hammer pattern near the resistance. Buy it only above BB upper line of 2300 for a tgt of 2600 . I give freee intrdy sugggestions in my Tellee grm Profit_Junction,20-01-2022 15.37,
395,day target of 808 given today morning has been met ...good money made by my followers ...its raining money now for my followers ...stay tuned for more updates on this stock.,20-01-2022 15.23,
396,Today has to be above 820 or 825 but due to operators not moving up,20-01-2022 14.41,
397,saa..la operator isko upper nahi Jane de raha hai,20-01-2022 14.40,
398,"save this message, icici bank will close below 800 and will goto 745 in next few days",20-01-2022 10.55,
399,Intraday Call : Buy ICICI Bank at 800-801 Stoploss 791 Target 817,20-01-2022 10.54,
400,Icici will shoot up on Monday (quater results)...best company to buy on dips..its growing even better than HDFC... check motiwal latest target where it can go upto 25%,20-01-2022 10.51,
401,"it is operation game, bringing it to dowm to buy more ...add more on dips",20-01-2022 10.44,
402,"friends ye to ulta hi ja raha hai , bahut loss me aa gaya hoon",20-01-2022 10.28,
403,trend is looking for 780 or 790 today horrible move,20-01-2022 10.13,
404,"Not moving up looking weak , today this should above 820 to 825",20-01-2022 10.06,
405,today buy and hold it for Tuesday target 970.,20-01-2022 9.54,
406,Buy for 860 level very soon before monthly expires.. buy more as your capacity and get more profit..,20-01-2022 8.28,
407,"wait! for the level 190-195 buy, surly wait for the level it will reach today",20-01-2022 8.05,
408,FII sitting on huge profit in market. Mostly on top of market FII will take profit. Retailer book full profit.,19-01-2022 12.56,
409,"Dear our enrolled members , cover the short in nifty futures and stock futures 75 % now . Remaining to be covered around 17700 . Nifty is corrected we had mentioned previous week .",19-01-2022 12.42,
410,ICICI is getting strong fundamental signals it will beat the impact what is currently set by HDFC. To know exact target value v.gd/GjmAyK,19-01-2022 12.23,
411,"ICICI Bank : Intra Day Target : 828 , buy buy buy call given today in this counter.",19-01-2022 12.19,
412,ICICI bank will be bullish if it breaks the resistance level. To know exact entry and exit level for more info v.gd/GjmAyK,19-01-2022 11.58,
413,ICICI is getting strong fundamental signals it will beat the impact what is currently set by HDFC. To know exact target value v.gd/GjmAyK,19-01-2022 11.43,
414,Siri Stock Market World : Buy ICICI Bank at 815-16 Sl 808 Tg 830,19-01-2022 10.49,
415,2k22 has been so Unprecedented for Long term most likely to confirm acceptance change the game.......bnfs.at/891c,19-01-2022 10.15,
416,PMC fincrop next multibigger stock target RS.10 plus March 2022 buy and hold once again RS.100 plus next 2 years bnfs.at/891c,19-01-2022 10.10,
417,Beauty lies in the fact that equities have never been in equilibrium mode. There is either a buyers market or a sellers which opens the door to immense lucrative opportunities. Hold the outperformers the longest.,12-01-2022 14.43,
418,Icici bank 720 cmp looking for 760/770 at my target forAnyHelp OrTips wtzp..... 73OO7 :31144,12-01-2022 12.53,
419,ICICI is getting strong fundamental signals it will beat the impact what is currently set by HDFC. To know exact target value v.gd/GjmAyK,12-01-2022 12.51,
420,ICICI bank will be bullish if it breaks the resistance level. To know exact entry and exit level for more info v.gd/GjmAyK,12-01-2022 12.27,
421,ICICI is getting strong fundamental signals it will beat the impact what is currently set by HDFC. To know exact target value v.gd/GjmAyK,12-01-2022 12.20,
422,ICICI is getting strong fundamental signals it will beat the impact what is currently set by HDFC. To know exact target value v.gd/GjmAyK,12-01-2022 12.10,
423,"powergrid good move given cmp 211 add for 230/240 , For AnyTips OrHelp wtzp... 73OO7 :311 :44",12-01-2022 12.06,
424,ICICI Bank is going to post strong Q3 nos on robust demand.,12-01-2022 12.02,
425,"ICICI Bank : Short term target : 860 , buy call given.",12-01-2022 12.02,
426,ICICI Bank hikes credit card charges from Feb 10th 2022.,12-01-2022 12.01,
427,"ICICI Bank : Intra Day Target : 830 , buy buy buy call today.",12-01-2022 12.01,
428,icici bank Above 820 move more high... SL 810/800... good place to buy,12-01-2022 9.24,
429,ICICI bank will be bullish if it breaks the resistance level. To know exact entry and exit level for more info v.gd/GjmAyK,12-01-2022 9.09,
430,"BUY ICICI BANK 810 SL 800 FOR TARGET WILL BE 820/830 , tellegram-KTRAD",12-01-2022 8.06,
431,ICICI is getting strong fundamental signals it will beat the impact what is currently set by HDFC. To know exact target value v.gd/GjmAyK,12-01-2022 7.09,
432,ICICI is getting strong fundamental signals it will beat the impact what is currently set by HDFC. To know exact target value v.gd/GjmAyK,11-01-2022 21.47,
433,Book Profit at current price and buy again 790,11-01-2022 21.32,
434,"Very Good momentum , expect a Positive Gap Opening with expectation8269379439",11-01-2022 15.20,
435,ICICI bank will be bullish if it breaks the resistance level. To know exact entry and exit level for more info v.gd/GjmAyK,11-01-2022 15.03,
436,ICICI is getting strong fundamental signals it will beat the impact what is currently set by HDFC. To know exact target value v.gd/GjmAyK,11-01-2022 14.55,
437,it is the buying opportunity for 13th January expiry. bank nifty 38700 can be seen tomorrow,11-01-2022 14.51,
438,Hold for big Target of 1200 in next 6 months.,11-01-2022 13.20,
439,"ICICI Bank FY22 Q3 estimates : Net Interest Income (NII) is expected to increase by 22.6 percent Y-o-Y (up 3.9 percent Q-o-Q) to Rs. 12,150.4 crore",11-01-2022 12.40,
440,"ICICI Bank Q3 Net Profit seen up 17.5% YoY to Rs. 5,803.4 cr",11-01-2022 12.39,
441,ICICI Bank will touch 820 levels in the intra day trade today. Buy buy buy in this counter today for good intra day gains.,11-01-2022 12.38,
442,ICICI is getting strong fundamental signals it will beat the impact what is currently set by HDFC. To know exact target value v.gd/GjmAyK,11-01-2022 12.07,
443,Suggested ICICI Bank on 9-Jan for targets: 865--945--1035.,11-01-2022 11.51,
444,ICICI bank will be bullish if it breaks the resistance level. To know exact entry and exit level for more info v.gd/GjmAyK,11-01-2022 11.51,
445,ICICI is getting strong fundamental signals it will beat the impact what is currently set by HDFC. To know exact target value v.gd/GjmAyK,11-01-2022 11.43,
446,ICICI is getting strong fundamental signals it will beat the impact what is currently set by HDFC. To know exact target value v.gd/GjmAyK,11-01-2022 11.38,
447,"profits are made when sitting in the right direction at right entry!, for profit sharing basis wtzp 70.215.37.682",11-01-2022 11.30,
448,Quarterly result will start soon to get the latest updates more info v.gd/GjmAyK,10-01-2022 21.13,
449,Expecting correction well before uptrend to 18400 . Expect the unexpected is the market nifty range is 16000 - 18000 ( 18400 ),10-01-2022 20.57,
450,Earning from stock market is easy if you use a system which shows live buy & sell charts of stocks:- www IntradayAFL com,10-01-2022 18.53,
451,"Allotment of 15,570 equity shares on January 10,2022 under ESOS",10-01-2022 18.46,
452,"Acknowledging that the second wave of COVID-19 infections in India have led to worsening of growth signals, the RBI has brought down its growth forecast for FY22 to 9.5 percent from 10.5 percent",10-01-2022 18.42,
453,"the multi-timeframe analysis suggests that this stock can witness a brief consolidation for the next two-three sessions, which will be followed by the next leg up.",10-01-2022 18.37,
454,Telle grm Profit_Junction : HUL started its bullish trend as per stochastics in hourly chart. To learn chart reading and get fresh freee intrdy caallls in my Telleegrm Profit_Junction Buy it above swing high 2400 for next resistances 2700/3...&nbsp,10-01-2022 18.28,
455,"lets make phenomenal gains together on high conviction opportunities amd grow big together, For AnyTips OrHelp wtzp... 73OO7 :311 :44",10-01-2022 18.20,
456,Telle grm Profit_Junction : Cipla formed evening star near previous swing low. Buy it abv 945 for 1020 tgt within a week. I give freee intrdy sugggestions in my Tellee grm Profit_Junction,10-01-2022 17.59,
457,This stock is a very good choice to your portfolio ...buy at current levels for Good investment For AnyTips OrHelp wtzp... 73OO7 :311 :44,10-01-2022 17.29,
458,Will see more positive levels in this stock so keep buying....,10-01-2022 14.08,
459,ICICI is getting strong fundamental signals it will beat the impact what is currently set by HDFC. To know exact target value v.gd/GjmAyK,10-01-2022 14.03,
460,ICICI is getting strong fundamental signals it will beat the impact what is currently set by HDFC. To know exact target value v.gd/GjmAyK,10-01-2022 13.51,
461,ICICI bank will be bullish if it breaks the resistance level. To know exact entry and exit level for more info v.gd/GjmAyK,10-01-2022 13.43,
462,ICICI bank will be bullish if it breaks the resistance level. To know exact entry and exit level for more info v.gd/GjmAyK,10-01-2022 13.28,
463,BUY ICICI BANK AT 803 TRG CAN BE 815 SELL AT 797 BE READY TO BLAST TMPUJA TALLEGRAM,10-01-2022 13.28,
464,ICICI is getting strong fundamental signals it will beat the impact what is currently set by HDFC. To know exact target value v.gd/GjmAyK,10-01-2022 13.14,
465,"HDFC Bank, the largest private sector lender in India has revised the charges of its most used service, InstaAlert messages.",10-01-2022 13.02,
466,"ICICI Bank has revised charges for credit cards effective from February 10. Now, for all cash advance, the bank will charge transaction fee on all cards of 2.50%, subject to minimum of 500. The lender has also fixed charge of 2% of total...&nbsp",10-01-2022 13.01,
467,"ICICI Bank : Intra Day Target : 798 , sell call given today for decent intra day gains for shorters.",10-01-2022 13.01,
468,Sell on rally .nifty might to 18400 if 17900 is not broken for a couple of days . Albeit valuations is very high in all stocks . 30 % of stocks might correct to 30 % if 17500 is broken . Invest less now . Then more below 17600 - 17000 - 165...&nbsp,10-01-2022 10.09,
469,ICICI is getting strong fundamental signals it will beat the impact what is currently set by HDFC. To know exact target value v.gd/GjmAyK,10-01-2022 10.06,
470,ICICI is getting strong fundamental signals it will beat the impact what is currently set by HDFC. To know exact target value v.gd/GjmAyK,10-01-2022 9.06,
471,"Remember corrections in market are temporary, growth is permanent use dips as buying opportunity for more info v.gd/GjmAyK",10-01-2022 7.57,
472,Friends if you are genuinely interested to work together and grow mutually then dont gamble anymore lets work to grow together on profit sharing basis Wtzp .70.215.37.682,10-01-2022 1.23,
473,Next rally lead Private sector bank ... Right time to BUY ... TODAY 820,10-01-2022 1.10,
474,"this bank is very good, but it will be up 12-13% up from 710 level. my doubt is icicibank hold 800 price till result or budget??? otherwise it will be down near 750-760 level till result date.",09-01-2022 9.49,
475,This is a best time to take entry in this stock,09-01-2022 9.43,
476,sell is the call dnt fall in trap icici wil eat all ur premium selln hedge ur positions it will fall upto 770 750 730 fr sure once bfr results,08-01-2022 22.03,
477,sell ICICI bank all target done nw down trend from next week stop dreaming abt 830 no way it wil touch mark my words,08-01-2022 22.01,
478,This App has now become Brokers paradise. They are posting same and similar messages on all forims. If someone knows another similar App pl advise so that I can leave this App.,08-01-2022 21.29,
479,Companies like Motherson Sumi and Bharat Forge reported a strong set of numbers. PNB Housing deal with the Carlyle Group fuelled up the entire housing sector.,08-01-2022 19.23,
480,Prices are trading in uncharted territory and hence one should ride the trend by keeping a trailing stop loss method.,08-01-2022 19.18,
481,"Importantly, while system liquidity is adequate and interest rates are low, credit growth has remained in a slumber. There could be various reasons for this.",08-01-2022 19.18,
482,Buy ICICI bank at 740 support 620 target 800 more info Chek detls tlee-gram neha0103,02-01-2022 11.51,
483,ICICI bank will be bullish if it breaks the resistance level. To know exact entry and exit level for more info v.gd/GjmAyK,08-01-2022 12.34,
484,Its better to go with Axis Bank rather than ICICI. Current market value of Axis Bank is less than Its intrinsic value.,07-01-2022 18.35,
485,shall I hold it for 20 year?,07-01-2022 17.28,
486,Fundamentally strong stock add at every dips for long term...,07-01-2022 16.47,
487,only if you are interested lets work together on high conviction profit sharing basis and grow wtzp .7.0215.376.82,07-01-2022 16.24,
488,"dont lose your hard earned money by gambling, lets work on high conviction on profit sharing wtzp .702.15.376.82",07-01-2022 16.24,
489,"profits are made by waiting and hitting the iron when its hot, for profit sharing Wtzp .702.15.37.682",07-01-2022 16.24,
490,THIS STOCK IS SHOWING POWERFULL MOVEMENT AS PER CANDLE YOU CAN HOLD AND BUY ON EVERY DIP FOR ANYHELP 0R DETAILS JUST TEXTT ONN WHHAATZAPPPP __ EIGHT 44549 _2O 56,07-01-2022 15.12,
491,"friends caution : deal with caution if your broker is angel ., next karvy",07-01-2022 15.09,
492,Never depend on single income. Make investment to create second source for more info.. Queen of future,07-01-2022 14.34,
493,Sugar stocks have been in focus as the government brought forward the target date for achieving 20 percent ethanol-blending with petrol by two years to 2023.,07-01-2022 14.21,
494,"Strong levels, Good Result, Consolidated in last week,",07-01-2022 11.30,
495,Expect Pharma API STOCKS Sharp Recovering after Decline last 2 Days.....Like...Divis lab.. Aarti drugs.... Alembic Pharma...Laurus lab...,07-01-2022 11.18,
496,All profit met for this ICICI Bank Option call with 30k profit means money doubled . I think we can exit now.,07-01-2022 10.43,
497,Start Booking PROFITS in all stocks gradually till 18000 .nifty will correct to 16000 and 15000 in the near future . Avoid heavy longs.,07-01-2022 9.43,
498,Momentum in this script with good moving average keep in watch list for more info v.gd/GjmAyK,07-01-2022 7.36,
499,avoid buying in huge quantity our Indian markets are still highly over valued.,06-01-2022 22.12,
500,"making money is all about correct timing and skill, if you are really interested in profit sharing then wtzp .70.215.37.682",06-01-2022 22.08,
501,"dont suffer more losses, If you are interested in earning big from the market and recovery of your big losses together on profit sharing basis then wtzp 702.15.37.682",06-01-2022 22.07,
502,"tired of your losses? patience and discipline is must, if you genuinely want to achieve success then lets grow on profit sharing wtzp 70.215.37.682",06-01-2022 22.07,
503,Friends if you are genuinely interested to work together and grow mutually then dont gamble anymore lets work to grow together on profit sharing basis Wtzp .70.215.37.682,06-01-2022 22.06,
504,"bhai Maan gya ye aj thoda green hoga kl again red hoga, gajab fasata h",06-01-2022 14.24,
505,by your point of view every stock will travel in fixed zone....bhai performance bhi koi cheez hoti hai company ki,06-01-2022 13.29,
506,12% up in last 1 week.. Retailer book full profit. Avoid fresh entry. Next week expecting more sell off.,06-01-2022 13.13,
507,buy before results for tgt 840 short term... dont miss this opportunity.,06-01-2022 12.50,
508,"ICICI Bank : Intra Day Target : 785 , buy call given today.",06-01-2022 12.20,
509,"Sell now and book profit, short term it might see 740-750 level",06-01-2022 12.15,
510,"Bank nifty 37700 PE three fold today, most of the calls rocked and sailed through targets.",06-01-2022 10.59,
511,For Stocks Quarterly result updates more info v.gd/GjmAyK,06-01-2022 10.45,
512,Buy ICICI below 780 for next up move to 830,06-01-2022 10.37,
513,ICICI bank will be bullish if it breaks the resistance level. To know exact entry and exit level for more info v.gd/GjmAyK,06-01-2022 10.33,
514,Be caution while creating fresh position in CE/PE coz technical view & data view is saying something different For AnyTips OrHelp wtzp... 73OO7 :311 :44,05-01-2022 17.51,
515,"Zeel cmp 350 and tomorrow morning will come 360/370 , for anyHelpOrtips wtzp... 73OO 73:1144",05-01-2022 17.20,
516,As we mentioned nifty 18000 is nearing . Book partial PROFITS . Carry minimal position with stop loss .,05-01-2022 17.07,
517,Fundamental strong stock add at every dips for long term view more AnyTips OrHelp wtzp... 73OO7 :311 :44,05-01-2022 16.41,
518,Have an opinion on this news? Post your comment here.,05-01-2022 16.14,
519,Keep diversity in your portfolio. List of multibaggers stocks available,05-01-2022 15.28,
520,"Telle grm Profit_Junction : ZEEL is near to its support level of 333, making it little weak. buy only abv next resistance of 342 for next tgt of 365 soon. I give freee intrdy sugggestions in my Tellee grm Profit_Junction",05-01-2022 15.06,
521,Retailer avoid buying on lifetime high.. Market will see good correction in coming days.,05-01-2022 14.52,
522,BUY ICICI BANK AT 795 FOR LONG TERM FOCUSE ON IT TRG CAN BE 830 TMPUJA,05-01-2022 14.41,
523,2k21 has been so Unprecedented for Long term most likely to confirm acceptance change the game.......bnfs.at/891c,05-01-2022 14.16,
524,See my yesterday comment metal and bank can move up sharply. Bank and metal started upward move. Now next can be reality sector. Wait and watch,05-01-2022 12.36,
525,Huge upside potential. Good fundamentals and is currently trading at more than reasonable PRICE. TO GET INSIGHT ON SHORT TERM for more info v.gd/GjmAyK,05-01-2022 12.32,
526,FII and FPI selling yet to come anytime. Cautious on banks share.,05-01-2022 12.24,
527,Already IT Bubble bursting. Long term investor take profit in ICICI Bank.,05-01-2022 12.20,
528,ICICI bank will be bullish if it breaks the resistance level. To know exact entry and exit level for more info v.gd/GjmAyK,05-01-2022 12.17,
529,ICICI is getting strong fundamental signals it will beat the impact what is currently set by HDFC. To know exact target value v.gd/GjmAyK,05-01-2022 12.07,
530,opinions and analysis are fine stock_bull. Abusing can be ignored...everyone buys in the hope of making some profit. Lets be considerate please.,05-01-2022 11.59,
531,Growth oriented stocks will be accumulated heavily by fiis and diis. Full list available bnfs.at/891c,05-01-2022 11.43,
532,The zeel of trading comes with Red color in our portfolio to make it Green & Positive results Come ....bnfs.at/891c,05-01-2022 11.43,
533,ICICI Bank is a good stock for long term investment and another good stock for investment is Pil Italica.,05-01-2022 11.25,
534,"5000 % PROFITS . RELIANCE is buying Sintex Industries soon . Buy Sintex Industries . CMP is 19 . Short term targets are 46 , 100 and 200 .One year TARGET is Rupees 1000 .",05-01-2022 8.44,
535,"Reliance is buying Sintex Industries soon .Buy Sintex Industries CMP is 19 . Short term targets are 37 , 46 , 100 , 200 . One year targets is 1000 . More than 5000 % PROFITS .",05-01-2022 8.41,
536,ICICI is getting strong fundamental signals it will beat the impact what is currently set by HDFC. To know exact target value v.gd/GjmAyK,04-01-2022 23.16,
537,"Buy Icici bank near 772 for tgt will be come tomorrow 795/810, tellegraam-KTRAD",04-01-2022 23.14,
538,ICICI bank will be bullish if it breaks the resistance level. To know exact entry and exit level for more info v.gd/GjmAyK,04-01-2022 22.33,
539,ICICI is getting strong fundamental signals it will beat the impact what is currently set by HDFC. To know exact target value v.gd/GjmAyK,04-01-2022 22.28,
540,"Target 2 reached for this Option Call for ICICI Bank, we can safely shift our SL to buying price and play safe.",04-01-2022 11.14,
541,It is also handy to keep a tab on the top gainers and losers of the week. They can tell you how different stocks have been performing over a particular time period.,04-01-2022 20.31,
542,Volume is nothing but the number of times a company s stock is traded at a particular time.,04-01-2022 20.31,
543,"That s because if the trading volume is high, prices usually move upwards too.",04-01-2022 20.31,
544,IN BANKING SECTOR ICICI SHOWING GOOD STRENGTH TODAY KEEP TGT 780- 800,04-01-2022 13.49,
545,ICICI bank will be bullish if it breaks the resistance level. To know exact entry and exit level for more info v.gd/GjmAyK,04-01-2022 12.38,
546,ICICI Bank up 12% in last 10 days. Long term investor book profit and Avoid fresh entry.,04-01-2022 12.36,
547,"ICICI Bank : Intra Day Target : 780 , buy call given today .",04-01-2022 12.24,
548,BUY ICICI BANK AT 774 TRG CAN BE 800 SELL AT 760 TMPUAJ,04-01-2022 12.22,
549,Oh its 12% up in last 10 days... Never miss profit booking. Mostly retailer entered.,04-01-2022 12.20,
550,More than 10% up in a month. Retailer fully loaded. Cautious. Book profit and protect capital.,04-01-2022 12.13,
551,sell icici bank future cmp 777 target 740 sl 800,04-01-2022 12.12,
552,ICICI bank will be bullish if it breaks the resistance level. To know exact entry and exit level for more info v.gd/GjmAyK,04-01-2022 11.50,
553,Buy it for investment purposes having strong fundamentals,04-01-2022 11.39,
554,Sector rotation is going on I think now Bank Reality and metal sector can outperform the market,04-01-2022 10.18,
555,Unlikely scenario analysis developed strong analytical skills developed strong. How? ..........bnfs.at/891c,04-01-2022 9.54,
556,Buy on dips for 1-2 days holding for good gains,04-01-2022 9.42,
557,ICICI bank will be bullish if it breaks the resistance level. To know exact entry and exit level for more info v.gd/GjmAyK,04-01-2022 9.10,
558,ICICI is getting strong fundamental signals it will beat the impact what is currently set by HDFC. To know exact target value v.gd/GjmAyK,04-01-2022 9.07,
559,I have seen a website:- www IntradayAFL com It developed system to show live buy sell signals with Pop Up text alert & Voice Alert on calls. Also you can view free buy sell charts.,04-01-2022 9.06,
560,sgx is negative. icici will show correction. sell at opening,04-01-2022 8.33,
561,ICICI bank will be bullish if it breaks the resistance level. To know exact entry and exit level for more info v.gd/GjmAyK,04-01-2022 7.48,
562,Stock Market latest news for more info v.gd/GjmAyK,04-01-2022 7.09,
563,I have seen a website:- www IntradayAFL com It developed system to show live buy sell signals with Pop Up text alert & Voice Alert on calls. Also you can view free buy sell charts.,03-01-2022 23.29,
564,"Buy tata steel cmp 1125 and target will Be 1200/1300 soon , For AnyTips OrHelp wtzp... 73OO7 :311 :44",03-01-2022 21.44,
565,"Buy BB bajaj auto cmp 3328 and tomorrow morning 3400/3450 , For AnyTips OrHelp wtzp... 73OO7 :311 :44",03-01-2022 21.22,
566,profit booking will start tomorrow. be careful,03-01-2022 20.13,
567,both target hit profit booking may start now..long term players may hold or try to reenter at lower levels...,03-01-2022 20.05,
568,Fundamentally strong stock add at every dips for long term...,03-01-2022 19.51,
569,INDHOTEL GOOD SHORTCOVERING SHORT SELL FROM CMP 192 TGT 188 -180-170 SL 197 For AnyTips OrHelp wtzp... 73OO7 :311 :44,03-01-2022 19.31,
570,"Buy tata steel cmp 1125 and target will Be 1200/1300 soon , For AnyTips OrHelp wtzp... 73OO7 :311 :44",03-01-2022 19.22,
571,Icici bank 720 cmp looking for 760/770 at my target forAnyHelp OrTips wtzp..... 73OO7 :31144,03-01-2022 17.53,
572,It is also important to close all open positions. Intraday traders often fail to do so due to fear of booking a loss.,03-01-2022 17.34,
573,"Some Unauthorized News is coming from another forums, check now... Queen of future",03-01-2022 17.05,
574,ICICI is getting strong fundamental signals it will beat the impact what is currently set by HDFC. To know exact target value v.gd/GjmAyK,03-01-2022 15.24,
575,ICICI bank will be bullish if it breaks the resistance level. To know exact entry and exit level for more info v.gd/GjmAyK,03-01-2022 15.13,
576,ICICI is getting strong fundamental signals it will beat the impact what is currently set by HDFC. To know exact target value v.gd/GjmAyK,03-01-2022 15.00,
577,"awesome day target of 760 met today...target given today morning ..woww...truck load of money made by my followers...stay tuned for more updates on this stock. Stray tuned guys ,...you will make money if you follow my intra day advice.",03-01-2022 14.56,
578,ICICI is getting strong fundamental signals it will beat the impact what is currently set by HDFC. To know exact target value v.gd/GjmAyK,03-01-2022 14.30,
579,To knw Queen of future This stock may give u 2x 3x returns this year for sure ..very bullish on techincal chart For any help orTips.... To knw Queen of future,03-01-2022 14.13,
580,"Omicron Spreads Fast But Is Weak, Like Viral Fever : Yogi Adityanath",03-01-2022 13.54,
581,ICICI is getting strong fundamental signals it will beat the impact what is currently set by HDFC. To know exact target value v.gd/GjmAyK,03-01-2022 13.26,
582,Start Booking profit gradually from now to 17700 .nifty range is 16300 - 18000,03-01-2022 13.18,
583,ICICI bank will be bullish if it breaks the resistance level. To know exact entry and exit level for more info v.gd/GjmAyK,03-01-2022 13.07,
584,"ICICI Bank : Intra Day Target : 760 , buy call given today for good intra day gains.",03-01-2022 12.44,
585,start adding it befor results on 22 jan...keep buying for tgt 840,03-01-2022 12.11,
586,ICICI bank will be bullish if it breaks the resistance level. To know exact entry and exit level for more info v.gd/GjmAyK,03-01-2022 12.00,
587,ICICI is getting strong fundamental signals it will beat the impact what is currently set by HDFC. To know exact target value v.gd/GjmAyK,03-01-2022 11.55,
588,ICICI is getting strong fundamental signals it will beat the impact what is currently set by HDFC. To know exact target value v.gd/GjmAyK,03-01-2022 11.52,
589,Retailer cautious in putting money into market. Big selling will happen in market. Cautious.,03-01-2022 11.48,
590,"Maharashtra recorded a huge spike in the number of coronavirus disease (Covid-19) cases, with 8,067 people testing positive for the infection",03-01-2022 11.47,
591,Buy whirlpool India ..MNC stock..US parent company is at life time high and this is down 40% from top at 52 week the upcoming diwali season result stock will reach 3500...last qtr eps 32..currently it is at 1800 which is a 3 year low. USA P...&nbsp,03-01-2022 11.39,
592,ICICI bank will be bullish if it breaks the resistance level. To know exact entry and exit level for more info v.gd/GjmAyK,03-01-2022 11.37,
593,The impact of Demand and supply creating ruckus in buying sector to know the target and SL for more info v.gd/GjmAyK,03-01-2022 11.22,
594,Buy Centuryply . CMP is 601 . Short term targets are 707 and 777 .,03-01-2022 8.48,
595,ICICI bank will be bullish if it breaks the resistance level. To know exact entry and exit level for more info v.gd/GjmAyK,03-01-2022 7.42,
596,Huge correction done in good fundamentally strong stocks buy in every dips for investment for more info v.gd/GjmAyK,03-01-2022 7.22,
597,"Buy tech m cmp 1629 and tomorrow morning will come 1670/1700 ,For AnyTips OrHelp wtzp... 73OO7 :311 :44",02-01-2022 22.48,
598,ICICI is getting strong fundamental signals it will beat the impact what is currently set by HDFC. To know exact target value v.gd/GjmAyK,02-01-2022 21.41,
599,Looking weak from here with low delivery volume high chances of short sell possible here for more info v.gd/GjmAyK,02-01-2022 21.18,
600,Buy ICICI bank at 740 support 620 target 800 more info Chek detls tlee-gram fistrade,01-01-2022 11.26,
601,Now Bank Nifty Future Buy or Sell? Most accurate Buy Sell Chart System is www IntradayAFL com Watch free charts and no false claim. Check yourself.,02-01-2022 18.48,
602,"strong levels, good results, Consolidated in last week.",01-01-2022 7.31,
603,Telle grm Profit_Junction: Biocon is little bullish as per indicators in daily chart. Buy only above the next resistance 380 for 400 tgt in 1 week. I give freee intrdy sugggestions in my Tellee grm Profit_Junction,02-01-2022 16.56,
604,ICICI bank will be bullish if it breaks the resistance level. To know exact entry and exit level for more info v.gd/GjmAyK,02-01-2022 13.09,
605,ICICI is getting strong fundamental signals it will beat the impact what is currently set by HDFC. To know exact target value v.gd/GjmAyK,02-01-2022 12.59,
606,"kl 700 touch krega Aisa lg rha h, waise sare sector kl 3-10 % tk down rhega,maybe ye pure week m hi red sign ho",02-01-2022 12.22,
607,ICICI is getting strong fundamental signals it will beat the impact what is currently set by HDFC. To know exact target value v.gd/GjmAyK,02-01-2022 12.20,
608,ICICI bank will be bullish if it breaks the resistance level. To know exact entry and exit level for more info v.gd/GjmAyK,02-01-2022 8.05,
609,ICICI is getting strong fundamental signals it will beat the impact what is currently set by HDFC. To know exact target value v.gd/GjmAyK,02-01-2022 7.56,
610,ICICI bank will be bullish if it breaks the resistance level. To know exact entry and exit level for more info v.gd/GjmAyK,01-01-2022 21.14,
611,ICICI is getting strong fundamental signals it will beat the impact what is currently set by HDFC. To know exact target value v.gd/GjmAyK,01-01-2022 21.09,
612,Something very interesting I want to share. Just see technical buy sell charts provided by www IntradayAFL com and the accuracy.,01-01-2022 20.33,
613,To knw Queen of future This stock may give u 2x 3x returns this year for sure ..very bullish on techincal chart For any help orTips.... To knw Queen of future,01-01-2022 18.49,
614,To know the stocks details and updates for more info v.gd/GjmAyK,01-01-2022 11.10,
615,its a perfect gifting stock for your loved ones at this price.. Queen of future,01-01-2022 10.11,
616,Perfect time to decide and strategize yur investment and trade plans .. Queen of future,01-01-2022 10.09,
617,ICICI is getting strong fundamental signals it will beat the impact what is currently set by HDFC. To know exact target value v.gd/GjmAyK,01-01-2022 9.53,
618,ICICI bank will be bullish if it breaks the resistance level. To know exact entry and exit level for more info v.gd/GjmAyK,01-01-2022 7.49,
619,ICICI is getting strong fundamental signals it will beat the impact what is currently set by HDFC. To know exact target value v.gd/GjmAyK,01-01-2022 7.45,
620,ICICI bank will be bullish if it breaks the resistance level. To know exact entry and exit level for more info v.gd/GjmAyK,31-12-2021 23.09,
621,ICICI is getting strong fundamental signals it will beat the impact what is currently set by HDFC. To know exact target value v.gd/GjmAyK,31-12-2021 23.02,
622,ICICI bank will be bullish if it breaks the resistance level. To know exact entry and exit level for more info v.gd/GjmAyK,31-12-2021 22.42,
623,ICICI is getting strong fundamental signals it will beat the impact what is currently set by HDFC. To know exact target value v.gd/GjmAyK,31-12-2021 22.40,
624,Covid deaths reported in India now situation is alarming guys beware and have stoploss,31-12-2021 13.09,
625,Crude oil Beneficiaries like ongc gail and bpcl will fire. Want to know more beneficiary cost Crude oil Beneficiaries like ongc gail and bpcl will fire. Want to know more beneficiary cos........... bnfs.at/891c,31-12-2021 11.22,
626,Growth oriented stocks will be accumulated heavily by fiis and diis. Full list available............ bnfs.at/891c,31-12-2021 11.22,
627,Best performing sock in banking sector. expected do well in 2022,31-12-2021 9.58,
628,"if certain sectors are not nurtured and financial flows are not maintained to these, there could be a risk of these businesses reaching a no-returns stage and thus an erosion in the supply-side of the economy.",31-12-2021 7.55,
629,"The recent stock observation, coupled with the fact that it has hit the crucial levels, suggests that it can witness a brief consolidation.",31-12-2021 7.49,
630,"Allotment of 113,428 equity shares under ESOS on December 30, 2021",30-12-2021 17.39,
631,sell current price sl 748 target 740/730/720 sell karo niche hi jayega,30-12-2021 14.44,
632,"we desist from taking any kind of top-down call. We think that macros are something that we really cannot forecast, and we believe that it is more like a coin flip -- sometimes right, sometimes wrong",30-12-2021 13.08,
633,"Post a base Triangle breakout in mid-July, the stock resumed the larger uptrend. For the week gone by, it has formed a bullish outside bar pattern on the weekly chart, which reinforces the uptrend",30-12-2021 13.05,
634,"Mumbai covid cases are 2500 today, nifty will bleed tomorrow & all January month will be bearsih.do not buy anything",29-12-2021 20.21,
635,this stock can go up very quickly from these levels target Rs.750,29-12-2021 19.27,
636,"Some Unauthorized News is coming from another forums, check now... Queen of future",29-12-2021 16.38,
637,Market always gives superb return to long term holders so fill ur portfolio with long term stocks.. Queen of future,29-12-2021 16.19,
638,It is also handy to keep a tab on the top gainers and losers of the week. They can tell you how different stocks have been performing over a particular time period.,29-12-2021 14.21,
639,Volume is nothing but the number of times a company s stock is traded at a particular time.,29-12-2021 14.21,
640,"That s because if the trading volume is high, prices usually move upwards too.",29-12-2021 14.21,
641,Crude oil Beneficiaries like ongc gail and bpcl will fire. Want to know more beneficiary cost Crude oil Beneficiaries like ongc gail and bpcl will fire. Want to know more beneficiary cos........... bnfs.at/891c,29-12-2021 14.12,
642,ICICI bank will be bullish if it breaks the resistance level. To know exact entry and exit level for more info v.gd/GjmAyK,29-12-2021 14.08,
643,ICICI is getting strong fundamental signals it will beat the impact what is currently set by HDFC. To know exact target value v.gd/GjmAyK,29-12-2021 14.01,
644,Momentum in this script with good moving average keep in watch list,29-12-2021 10.17,
645,sell current price sl 751/57 target 730/20,29-12-2021 10.03,
646,ICICI BANK MAKE A BUY CALL KEEP GOOD SUPPORT AROUND 760 - 780,29-12-2021 9.53,
647,best time to invest in bank of baroda because it will become a part of bank Nifty,29-12-2021 9.44,
648,"Buy now so you never regret later....the kind of charges bank collected during IPO season, they are going to show huge profits in this quarter and upcoming quarter as well, especially ICICI Bank is in top position....next month it should re...&nbsp",29-12-2021 9.42,
649,How can the Indian market be always a slave to FIIs. Very sad. 90 percent stocks at almost year low and only IT stocks being jacked up. Pathetic market and pathetic market operators,29-12-2021 9.32,
650,Nifty range for short term is 16300 - 17200 . Sell on rally . Buy all stocks around nifty 16300 and 16600 - 16700 .,29-12-2021 8.38,
651,"Telle grm Profit_Junction : Adani ports is consolidating as per RSI, ichimoku in weekly chart. Buy abv its next resistance 718 for 750 . I share freee intraday caallls in my Tellee grm Profit_Junction",29-12-2021 6.04,
652,Telle grm Profit_Junction : ACC formed inverted hammer pattern near the resistance. Buy it only above BB upper line of 2300 for a tgt of 2600 . I give freee intrdy sugggestions in my Tellee grm Profit_Junction,29-12-2021 6.04,
653,Today 1st number in active by value stock.. and nearly 75% delivery... if market bullish... 4 digit coming soon... buy.. buy.. buy ,28-12-2021 23.13,
654,Best time for investment in pharma more detls. DONT MISS THIS TIME.. Queen of future,28-12-2021 17.26,
655,Volume is nothing but the number of times a company s stock is traded at a particular time,28-12-2021 17.23,
656,axis bank good to add at 580 level. its a good buy. cover all dips,28-12-2021 15.31,
657,Best time for investment in pharma more detls. DONT MISS THIS TIME.. Queen of future,28-12-2021 15.13,
658,ICICI bank will be bullish if it breaks the resistance level. To know exact entry and exit level for more info v.gd/GjmAyK,28-12-2021 14.44,
659,hold icici bank for atleast 1100 rs target till 2022 end good to accumulate it for every dip for long term wealth creation!,28-12-2021 14.37,
660,ICICI is getting strong fundamental signals it will beat the impact what is currently set by HDFC. To know exact target value v.gd/GjmAyK,28-12-2021 14.25,
661,Tomorrow be ready all operator for strong upper circuit be ready for retailer buying opportunity........bnfs.at/891c,28-12-2021 13.57,
662,"Book profits every hour , to avoid loss due to Corona spread . Market will be volatile till 5 th January . Avoid heavy long positions",28-12-2021 13.49,
663,ICICI bank will be bullish if it breaks the resistance level. To know exact entry and exit level for more info v.gd/GjmAyK,28-12-2021 13.23,
664,BUY BHARTI FOR 250 PROFIT ACHIEVING POINT WITH ANALYST TELGRRM.......... bnfs.at/891c,28-12-2021 9.47,
665,It is also important to close all open positions. Intraday traders often fail to do so due to fear of booking a loss.,28-12-2021 9.44,
666,"ICICI BANK: BUY 740.50, STOP LOSS- 734.85, TARGET- 751.50 REGARDS",28-12-2021 9.19,
667,Telle grm Profit_Junction : HUL started its bullish trend as per stochastics in hourly chart. To learn chart reading and get fresh freee intrdy caallls in my Telleegrm Profit_Junction Buy it above swing high 2400 for next resistances 2700/3...&nbsp,28-12-2021 7.42,
668,"Telle grm Profit_Junction : TVS motor broken its demand zone making it little bullish, buy it only abv 690 for a tgt of 730 within a week. I give freee intrdy sugggestions in my Tellee grm Profit_Junction",28-12-2021 7.36,
669,This Stock is looking week after some points So Ready for Reset Your Previous Positions & Add More for More updates and Live markett tippxz wtzppp on 84454: 92O56,28-12-2021 7.34,
670,ICICI is getting strong fundamental signals it will beat the impact what is currently set by HDFC. To know exact target value v.gd/GjmAyK,28-12-2021 7.30,
671,Hg chance tomorrow may go 760 few day may cross 800 by march 1000,28-12-2021 0.15,
672,"BUY ICICI BANK AT CMP 736 TGT 745/760 SL 728, TOMMOROW TELEGRAM-JUSTIRAD",27-12-2021 22.32,
673,"Buy tata steel cmp 1125 and target will Be 1200/1300 soon , For AnyTips OrHelp wtzp... 73OO7 :311 :44",27-12-2021 22.00,
674,That is another testament to the fact that investing without an education,27-12-2021 18.49,
675,"At times, you will have to step out of your comfort zone to realize significant gains.",27-12-2021 18.49,
676,How many millionaires do you know who have become wealthy by investing in savings accounts?,27-12-2021 18.49,
677,Telle grm Profit_Junction: Biocon is little bullish as per indicators in daily chart. Buy only above the next resistance 380 for 400 tgt in 1 week. I give freee intrdy sugggestions in my Tellee grm Profit_Junction,27-12-2021 18.10,
678,lets make green together and recover your losses wtzp .70.215.37.682 for sharing basis,27-12-2021 17.56,
679,"market are all about correct patient trades and Mindset, if you are genuinely interested in growth together on profit sharing then wtzp .702.15.37.682",27-12-2021 17.56,
680,Dont buy for long term now wait for few moments and dip with right levels....,27-12-2021 17.22,
681,Invest safely so never gonna regret. pick worthy deal with us,27-12-2021 17.09,
682,Technically looking very week in upcoming session so stay away for sometime...,27-12-2021 17.08,
683,"Buy ICICI bank 736 cmp and tomorrow morning will come 769/770 , tellegraam- KTRAD",27-12-2021 16.53,
684,TAKE DAILY 6k TO 8k PROFIT WITH 50k INVESTMENT,27-12-2021 14.00,
685,consistently well perform this is the right time to buy in dips for more8827666091,27-12-2021 13.42,
686,ICICI is getting strong fundamental signals it will beat the impact what is currently set by HDFC. To know exact target value v.gd/GjmAyK,27-12-2021 13.29,
687,"Buy BB icici bank cmp 734 for tomorrow morning tgt 760/770 , tellegraam- KTRAD",27-12-2021 13.25,
688,OMICRON TALLY ALSO REACHED TO 578. THOUGH IT IS NOT MAJOR CONCERN BUT IN INDIA NUMBER OF CASES WILL BE LAKHS AGAIN AND FOLLOWED BY LOCKDOWN FOR ATLEAST A MONTH,27-12-2021 13.21,
689,ALL NEWS OF BANK NIFTY ARE ONLY NEGATIVE NEWS FU------------- - My target for ICICI Bank is Rs 705 for the intraday with a stoploss of Rs 751,27-12-2021 13.16,
690,Sell ICICI at 735 ... SL 738... Intraday target 728 ,27-12-2021 13.07,
691,ICICI bank will be bullish if it breaks the resistance level. To know exact entry and exit level for more info v.gd/GjmAyK,27-12-2021 12.48,
692,ICICI is getting strong fundamental signals it will beat the impact what is currently set by HDFC. To know exact target value v.gd/GjmAyK,27-12-2021 12.33,
693,"ICICI Bank : Intra Day Target : 735 , buy buy call give today for sure-shot gains.",27-12-2021 11.51,
694,avoid buying in huge quantity our Indian markets are still highly over valued. ,27-12-2021 7.52,
695,The best stock market quotes teach investors how success in the market depends on playing the odds instead of following natural instincts.,26-12-2021 20.19,
696,Investment and wealth quotes show how to build a fortune in the long-run and spend it wisely.,26-12-2021 20.19,
697,The top investing quotes from contrarians tell investors how they can profit by going against popular opinion.,26-12-2021 20.19,
698,"Whenever something big goes wrong, a lot of people panic and sell their investments",26-12-2021 20.19,
699,Short covering is expected in ICICI Bank in next 2 days. Target: 750-760 by Dec. expiry.,26-12-2021 18.07,
700,"Telle grm Profit_Junction : Adani ports is consolidating as per RSI, ichimoku in weekly chart. Buy abv its next resistance 718 for 750 . I share freee intraday caallls in my Tellee grm Profit_Junction",26-12-2021 13.55,
701,ICICI is getting strong fundamental signals it will beat the impact what is currently set by HDFC. To know exact target value v.gd/GjmAyK,26-12-2021 13.16,
702,this stock can go up very quickly from these levels target 714/725/737,24-12-2021 19.03,
703,"ICICI BANK LTD.has informed BSE that the meeting of the Board of Directors of the Company is scheduled on 22/01/2022 ,inter alia, to consider and approve  the unaudited financial results for the quarter and nine months ending December 31, 2...&nbsp",24-12-2021 16.34,
704,.......buy ICICI Bank fut 722-719 cbsl 717 target 732-735-739........,24-12-2021 10.25,
705,ICICI is getting strong fundamental signals it will beat the impact what is currently set by HDFC. To know exact target value v.gd/GjmAyK,24-12-2021 9.08,
706,some changes will b happened today. if turn in bullish then upto 3/4% upside can seen. hold for 750 today.,24-12-2021 8.41,
707,ICICI bank will be bullish if it breaks the resistance level. To know exact entry and exit level for more info v.gd/GjmAyK,24-12-2021 7.19,
708,ICICI is getting strong fundamental signals it will beat the impact what is currently set by HDFC. To know exact target value v.gd/GjmAyK,24-12-2021 7.13,
709,650 is inevitable for ICICI bank.. Good to enter at this level,24-12-2021 3.44,
710,"buy icici bank 720 Weekly chart breakout target 730/750 tomorrow, tellegraam- PUJATIPS",21-12-2021 21.04,
711,ICICI bank will be bullish if it breaks the resistance level. To know exact entry and exit level for more info v.gd/GjmAyK,23-12-2021 21.35,
712,ICICI is getting strong fundamental signals it will beat the impact what is currently set by HDFC. To know exact target value v.gd/GjmAyK,23-12-2021 21.30,
713,"ICICI BANK WILL HIT 750 SOON, KEEP SL 725, AVAILABLE NOW 734, tellegraam - GLOBTRAD",23-12-2021 21.01,
714,ICICI is getting strong fundamental signals it will beat the impact what is currently set by HDFC. To know exact target value v.gd/GjmAyK,23-12-2021 14.22,
715,Sell on rise in ICICI Bank. Many investor will loose their capital soon. EXIT.,23-12-2021 13.28,
716,"do accumulate icicibank on every fal ,it can break the tip of ice berg for big profit any time once it cross 740.",23-12-2021 13.00,
717,How to overcome our fear of losses incurred by return ......bnfs.at/891c,23-12-2021 12.03,
718,Volume is nothing but the number of times a company s stock is traded at a particular time,23-12-2021 11.38,
719,ICICI bank will be bullish if it breaks the resistance level. To know exact entry and exit level for more info v.gd/GjmAyK,23-12-2021 10.28,
720,ICICI is getting strong fundamental signals it will beat the impact what is currently set by HDFC. To know exact target value v.gd/GjmAyK,23-12-2021 10.24,
721,"ICICI Bank : Intra Day Target : 740 , buy in this counter today. Sure-shot profits.",23-12-2021 9.58,
722,ICICI bank will be bullish if it breaks the resistance level. To know exact entry and exit level for more info v.gd/GjmAyK,23-12-2021 9.42,
723,"The supreme court case for gtl infra vs ed arc, gtl infra side case handled by abhishek manu singhvi, which means manoj t has strong support.... bnfs.at/891c",23-12-2021 9.30,
724,Ready for sustain again on coming days so be ready for see more actions for more updates and tipx wtzppp on 844549: 2O56,22-12-2021 21.45,
725,ICICI bank will be bullish if it breaks the resistance level. To know exact entry and exit level for more info v.gd/GjmAyK,22-12-2021 21.43,
726,ICICI bank will be bullish if it breaks the resistance level. To know exact entry and exit level for more info v.gd/GjmAyK,22-12-2021 21.18,
727,ICICI is getting strong fundamental signals it will beat the impact what is currently set by HDFC. To know exact target value v.gd/GjmAyK,22-12-2021 21.13,
728,Sound working capital management and controlled capex led consol net debt to decline,22-12-2021 20.46,
729,Nifty will strongly bounce back due to positive global indexes and sgx nifty..buy as much as u can all nifty shares,22-12-2021 20.35,
730,"The Indian banking system is now prepared to withstand pandemic-induced shocks, analysts said. But Omicron will be a key factor if there is a severe wave during this year, according to banking analysts. It will have an impact on asset quali...&nbsp",22-12-2021 18.54,
731,axis bank good to add at 580 level. its a good buy. cover all dips,22-12-2021 18.15,
732,Buy ICICI Bank with target of 740 & Stop loss at 726....vist goyaltips,22-12-2021 18.00,
733,"ICICIBANK Perfect move done from 705 to 728 Hope you all made good profit in APARINDUS , DELTACORP, LT",22-12-2021 17.59,
734,ICICI is getting strong fundamental signals it will beat the impact what is currently set by HDFC. To know exact target value v.gd/GjmAyK,22-12-2021 12.03,
735,buy ICICI bank .... jordar buying chal rahi hai,22-12-2021 11.56,
736,May like to BUY PNB....Punjab National Bank..... strong stock to BUY .....,22-12-2021 11.55,
737,ICICI bank will be bullish if it breaks the resistance level. To know exact entry and exit level for more info v.gd/GjmAyK,22-12-2021 11.54,
738,Crude oil Beneficiaries like ongc gail and bpcl will fire. Want to know more beneficiary cost Crude oil Beneficiaries like ongc gail and bpcl will fire. Want to know more beneficiary cos........... bnfs.at/891c,22-12-2021 11.18,
739,Growth oriented stocks will be accumulated heavily by fiis and diis. Full list available............ bnfs.at/891c,22-12-2021 11.18,
740,"ICICI Bank : Intra Day Target : 732 , buy buy call given today in this counter to make good money.",22-12-2021 10.03,
741,ICICI is getting strong fundamental signals it will beat the impact what is currently set by HDFC. To know exact target value v.gd/GjmAyK,22-12-2021 10.23,
742,"ICICI Bank short term target is 800 , buy call.",22-12-2021 10.04,
743,"Despite the pullback, accelerating inflation continues to cast a shadow over the world economy too. The US Federal Reserve s favored measure of inflation is rising 5 per cent this quarter, up from 4.3 per cent In the previous three months. ...&nbsp",22-12-2021 9.07,
744,....today v hav given .......Buy nifty pe 16800 at 79.5..... Target hit ...nd touched 160 .....joinme on ......tlgrm at... rmwealth for prftbl calls....at chpst..icici buy at current levels.........,21-12-2021 20.44,
745,"POSITIONAL TRADE- ICICI BANK: SELL 727.75, STOP LOSS- 735.50, TARGET- 712.35 (MO: 75000-66655) REGARDS",21-12-2021 19.50,
746,Tomorrow be ready all operator for strong upper circuit be ready for retailer buying opportunity........bnfs.at/891c,21-12-2021 19.40,
747,BUY BHARTI FOR 250 PROFIT ACHIEVING POINT WITH ANALYST TELGRRM.......... bnfs.at/891c,21-12-2021 19.40,
748,actual upside will start once 749 broken . 850 to 900 possible by expiry,21-12-2021 17.08,
749,"Golden Rule - Investment in stocks is like driving a car. Once you master the subject, it becomes easier to reach the destination.",21-12-2021 17.04,
750,axis bank buy buy buy buy buy buy buy buy buy buy buy buy buy axis bank,21-12-2021 15.57,
751,axis bank buy buy buy buy buy buy buy 1440 target,21-12-2021 15.57,
752,buy recomdation for this is going to very bullish,21-12-2021 15.43,
753,ICICI Bank hit double bottom yesterday and excellent place to step in....should close around 800 this series and 900 next month....stay invested....rock solid stock...,21-12-2021 14.19,
754,IndusInd bank 956 and target will be 1000/1060/1100 ForAny HelpOrTips wtzzp.. 73OO7: 311 44,21-12-2021 12.37,
755,buy icici bank immediate target 735 or 743 levels target will acchive,21-12-2021 12.23,
756,How to make profit by going against popular opinion. .. simply Look for A1Future in Tgramc,21-12-2021 12.19,
757,"Buy BB bajaj auto cmp 3328 and tomorrow morning 3400/3450 , For AnyTips OrHelp wtzp... 73OO7 :311 :44",21-12-2021 11.41,
758,Telle grm Profit_Junction Dr reddys is in range from past 2 weeks. Wait for breakout. Buy abv 4700 for 5200 and sell below 4480 for 4100 tgt. I share freee intraday caallls in my Tellee grm Profit_Junction,21-12-2021 11.33,
759,"ICICI Bank : Short term target : 760 , buy call given.",21-12-2021 10.52,
760,"ICICI Bank : Intra Day Target : 730 , buy buy call given tday for good intra day gains .",21-12-2021 10.52,
761,ICICI bank will be bullish if it breaks the resistance level. To know exact entry and exit level for more info v.gd/GjmAyK,21-12-2021 10.37,
762,JUSTIN : CHINA SHUTS DOWN A PORT ON COVID-19 SPREAD CONCERNS. NO TIMETABLE FOR REOPENING HAS YET BEEN SET.,21-12-2021 10.30,
763,"dr reddy cmp 4593 looking good for 4700/5000 , For AnyTips OrHelp wtzp... 73OO7 :311 :44",21-12-2021 10.03,
764,ICICI is getting strong fundamental signals it will beat the impact what is currently set by HDFC. To know exact target value v.gd/GjmAyK,20-12-2021 21.07,
765,ICICI bank will be bullish if it breaks the resistance level. To know exact entry and exit level for more info v.gd/GjmAyK,20-12-2021 21.03,
766,TAKE DAILY 6k TO 8k PROFIT WITH 50k INVESTMENT,20-12-2021 20.25,
767,Today v hv given buy pe indigo 1880 at 39.6 and ce 2100 at 8.....pe touched 100.....joinme on tlgrrrrrrrrm at rm wealth for prftbl clls at lowest.......buy on dips icici bank.......,20-12-2021 20.24,
768,short for target of 680 in this week,20-12-2021 19.24,
769,highly manipulated market .. stay long for long term,20-12-2021 18.41,
770,ICICIBANK back to 705-710 looks best buy zone should move to 725-750 accumulate om decline,20-12-2021 18.15,
771,"Nifty Bank index tumbled to a six-month low, down over 4 per cent on the National Stock Exchange (NSE), in Monday s intra-day trade after a sharp correction on private sector banks as foreign investors continued pulling out funds from India...&nbsp",20-12-2021 17.32,
772,200DMA at 670 range. Cautious. Expecting more sell on rise. Avoid buying.,20-12-2021 15.18,
773,Ready for sustain again on coming days so be ready for see more actions for more updates and tipx wtzppp on 844549: 2O56,20-12-2021 16.03,
774,I think downfall is more because of fed interest rates revisal than omicron.,20-12-2021 9.46,
775,I think market is over reacting to omicron. when lakhs of corona cases were and thousands of deaths reported. That time market was moving up sharply and now 100 case of corona and least death market is going down 1000 point plus every day.,20-12-2021 9.33,
776,.....buy ICICI Bank fut 716-712 s l 706 target 726-732-736.........,20-12-2021 9.28,
777,Edelweiss Securities is bullish on ICICI Bank has recommended buy rating on the stock with a target price of Rs 890 in its research,20-12-2021 8.32,
778,716. 709 range may be today lalit garg,20-12-2021 8.12,
779,strongly recommend this stock for buying for more details..,20-12-2021 7.51,
780,strongly recommend this stock for buying for more details..,20-12-2021 7.27,
781,"ICICI Bank has on-boarded 70 leading companies on CorpConnect , the digital platform that it launched last year to enable corporates to undertake instant payments and collections to/from their channel partners. CorpConnect , a first-of-its ...&nbsp",20-12-2021 3.28,
782,"ICICI Bank has raised Rs 5,000 crore through senior unsecured redeemable long-term bonds in the nature of debentures and allotted 50,000 bonds on private placement basis, date of allotment being December 17, 2021. The bonds are redeemable a...&nbsp",20-12-2021 3.22,
783,Sound working capital management and controlled capex led consol net debt to decline,19-12-2021 19.40,
784,"Post a base Triangle breakout in mid-July, the stock resumed the larger uptrend. For the week gone by, it has formed a bullish outside bar pattern on the weekly chart, which reinforces the uptrend",18-12-2021 19.33,
785,Thursday and Friday bank Nifty was down due to PSU banks strike and England bank rate hikes.... now the worst is over and all banks are ready to blast from Monday... again my target to bank Nifty is 37000 by December expiry.... already doct...&nbsp,18-12-2021 19.16,
786,This week will be the make or break for this stock for more details...,18-12-2021 13.22,
787,Have an opinion on this news? Post your comment here.,17-12-2021 19.33,
788,"Telle grm Profit_Junction : Dabur is bearish as per indicators in short term, buy it abv 588 for a tgt of 630 and sell it below 560 for a tgt of 530 in a week. I give freee intrdy sugggestions in my Tellee grm Profit_Junction",17-12-2021 17.20,
789,"Telle grm Profit_Junction : Dabur is bearish as per indicators in short term, buy it abv 588 for a tgt of 630 and sell it below 560 for a tgt of 530 in a week. I give freee intrdy sugggestions in my Tellee grm Profit_Junction",17-12-2021 16.19,
790,Be fearful when others are greedy. Be greedy when others are fearful.,17-12-2021 15.12,
791,"Strong levels, Good Result, Consolidated in last week,",17-12-2021 14.39,
792,Crude oil Beneficiaries like ongc gail and bpcl will fire. Want to know more beneficiary cost Crude oil Beneficiaries like ongc gail and bpcl will fire. Want to know more beneficiary cos........... v.gd/wSQSTI,17-12-2021 14.26,
793,Growth oriented stocks will be accumulated heavily by fiis and diis. Full list available............ v.gd/wSQSTI,17-12-2021 14.26,
794,"buy ICICI bank above 730... todays target is 740, 745, 749... buy buy Nifty will recover",17-12-2021 10.03,
795,.....buy ICICI Bank fut 735.50-730 cbsl 724 target 747.50-750-755.50........,17-12-2021 9.27,
796,yesterday there was net buying. by institutions so go long ....m.,17-12-2021 9.20,
797,753 737 may be range today,17-12-2021 7.47,
798,lalit garg 9754743320 today icici resistance may be near 753 support may be at,17-12-2021 7.42,
799,To knw Queen of future This stock may give u 2x 3x returns this year for sure ..very bullish on techincal chart For any help orTips.... To knw Queen of future,16-12-2021 22.04,
800,"Strong levels, Good Result, Consolidated in last week, strongly recommend this stock for buying for more details... Queen of future",16-12-2021 22.04,
801,"Some Unauthorized News is coming from another forums, check now... Queen of future",16-12-2021 21.39,
802,"if certain sectors are not nurtured and financial flows are not maintained to these, there could be a risk of these businesses reaching a no-returns stage and thus an erosion in the supply-side of the economy.",16-12-2021 20.28,
803,"Acknowledging that the second wave of COVID-19 infections in India have led to worsening of growth signals, the RBI has brought down its growth forecast for FY22 to 9.5 percent from 10.5 percent",16-12-2021 20.27,
804,ICICI is getting strong fundamental signals it will beat the impact what is currently set by HDFC. To know exact target value v.gd/GjmAyK,15-12-2021 22.30,
805,Tommorow ICICI Bank will open Gap up and will go towards 795/830,15-12-2021 21.25,
806,"Buy ICICI bank 752 and tomorrow morning 769/776 , tellegraam- KTRAD",15-12-2021 20.33,
807,tomrrow.morning has to buy icici call after it sustain .It will give you good income in short period...penalty etc is a normal in banking issues.,15-12-2021 19.25,
808,RBI penalty - My target for ICICI Bank is Rs 740 for the intraday with a stoploss of Rs 760,15-12-2021 19.24,
809,Please read news correctly its Rs. 30lac on ICICI and Rs. 1.8cr on PNB,15-12-2021 19.00,
810,"RBI penalty is 60 lakhs, not 1.8 cr .... this is not at all a matter... already banks are consolidated this week... tomorrow is bank Nifty expiry, all banks will blast... do not sell ICICI ... it will blast tomorrow...",15-12-2021 18.42,
811,tomorrow gap down rbi imposed penalty of 1.8 crore sell sell,15-12-2021 18.30,
812,"Good for long term investments, experts advised to buy in dips for one year target of 850.",15-12-2021 18.08,
813,"Telle grm Profit_Junction : Lupin is little bearish from past one week in daily chart, buy it only abv 886 for a tgt of 950 & sell below 858 for 835. I give freee intrdy sugggestions in my Tellee grm Profit_Junction",15-12-2021 17.40,
814,Telle grm Profit_Junction : ACC formed inverted hammer pattern near the resistance. Buy it only above BB upper line of 2300 for a tgt of 2600 . I give freee intrdy sugggestions in my Tellee grm Profit_Junction,15-12-2021 13.05,
815,How to make profit by going against popular opinion. .. simply follow,15-12-2021 12.36,
816,Intraday short ICICI Bank with strict stop loss 760 target 750,15-12-2021 12.12,
817,"Strong levels, Good Result, Consolidated in last week, strongly recommend this stock for buying for more details... Queen of future",15-12-2021 12.10,
818,buying here icic bank for sudden jump towords 760-770.I think it might hit.,15-12-2021 11.27,
819,ICICI BANK IS GOOD STOCK IT WILL GIVE GOOD RETURN AROUND 800,15-12-2021 11.25,
820,Only 11 days left NBCC to enter F&O from January series. Very good chances that it spurts suddenly to cross its June high of 59 and make a new high. Debt free and continuously improving performance.,15-12-2021 11.08,
821,"NBCC, in spite of 80000 cr order book and improving performance qtr on qtr refuses to rise. It is going to be included in F&O from January. Still no interest in stock. Stock should have been at least Rs. 100 in this bullish market.",15-12-2021 10.58,
822,"The recent stock observation, coupled with the fact that it has hit the crucial levels, suggests that it can witness a brief consolidation.",15-12-2021 10.31,
823,"we are expecting is a minor pause, which can be seen over the next couple of sessions.",15-12-2021 10.30,
824,"if certain sectors are not nurtured and financial flows are not maintained to these, there could be a risk of these businesses reaching a no-returns stage and thus an erosion in the supply-side of the economy.",14-12-2021 21.47,
825,as per Open interest data and PCR ratio suggesting monday market will be in huge height buy huge opening and supported by all global indexes and sgx nifty is green..buy as much as u can..,14-12-2021 21.36,
826,"Acknowledging that the second wave of COVID-19 infections in India have led to worsening of growth signals, the RBI has brought down its growth forecast for FY22 to 9.5 percent from 10.5 percent",14-12-2021 21.33,
827,"Iex 300 coming good refovery sighn today at , For AnyTips OrHelp wtzp... 73OO7 :311 :44",14-12-2021 20.59,
828,INDHOTEL GOOD SHORTCOVERING SHORT SELL FROM CMP 192 TGT 188 -180-170 SL 197 For AnyTips OrHelp wtzp... 73OO7 :311 :44,14-12-2021 19.30,
829,Well performed stock this is it will.show more actions again..4 more updates and Live tipxz wtzppp on 844549: 2O56,14-12-2021 18.02,
830,"BUY IOC 120 SL 119 TARGET 122/123, For AnyTips OrHelp wtzp... 73OO7 :311 :44",14-12-2021 15.39,
831,"Buy bpcl 318 and target will be 330/350 looking good pick , For AnyTips OrHelp wtzp... 73OO7 :311 :44",14-12-2021 15.38,
832,"Iex 300 coming good refovery sighn today at , For AnyTips OrHelp wtzp... 73OO7 :311 :44",14-12-2021 15.26,
833,Crude oil Beneficiaries like ongc gail and bpcl will fire. Want to know more beneficiary cost Crude oil Beneficiaries like ongc gail and bpcl will fire. Want to know more beneficiary cos ..v.gd/wSQSTI PMC fincrop next multibigger stock targ...&nbsp,14-12-2021 15.17,
834,Buy 780 CE at cmp 8 rs target 20 by friday,14-12-2021 12.40,
835,ICICI bank available at attractive valuation buy near 800 and add more at lower levels for 890 for more info v.gd/GjmAyK,14-12-2021 12.38,
836,"Sun pharma looking good 757 and wxpect tgt 790/800 , For AnyTips OrHelp wtzp... 73OO7 :311 :44",14-12-2021 12.34,
837,Icici bank 720 cmp looking for 760/770 at my target forAnyHelp OrTips wtzp..... 73OO7 :31144,14-12-2021 12.17,
838,"POSITIONAL TRADE: ICICI BANK- SELL 759.50, STOP LOSS- 765.25, TARGET- 747.65 REGARDS",14-12-2021 12.17,
839,.......who did before can book 13 points in ICICI Bank fut..... enjoy profit with lutery.....,14-12-2021 12.09,
840,Short Covering ....Sensex / Nifty.....Stocks specific Value ICICI Bank...Sonacoms... Alembic Pharma.... Aarti drugs....Spic....,14-12-2021 11.38,
841,Well performed stock this is it will.show more actions again..4 more updates and Live tipxz wtzppp on 844549: 2O56,14-12-2021 11.23,
842,stock back in action again buy & hold 4 more returns in upcoming days for more live updates & tipsz wtzppp on 844549:2O 56,14-12-2021 11.21,
843,"ICICI Bank : Intra Day Target : 744 , sell call given today .",14-12-2021 10.23,
844,Looking week From.here so wait for dip and buy more. for more live market updatez tipxz wtzpp on 84454:92O56,13-12-2021 20.09,
845,"Ahead of the release of domestic inflation data and key global central bank meetings, the benchmark indices dived into the negative zone digesting weak macroeconomic numbers and continued FII selling. India s Index of Industrial Production ...&nbsp",13-12-2021 19.59,
846,"Buy ICICI bank cmp 354 and tomorrow morning 360/370 , tellegraam- KTRAD",13-12-2021 19.21,
847,Many brokerages target raised. So buy and add till 725 SL 712. Show,13-12-2021 17.02,
848,Sell ICICI Bank with target of 747 & Stop loss at 761...visit goyaltips,13-12-2021 14.26,
849,modiji should ban fiis from selling out indian market,13-12-2021 14.19,
850,Be fearful when others are greedy. Be greedy when others are fearful.,13-12-2021 14.16,
851,icici bank start for Rs. 825 target in 7 to 10 trading days . And also for medium to long term may give good return.,13-12-2021 14.04,
852,Buy ICICI Bank at current price target 795/830 sureshot ,13-12-2021 13.02,
853,Manufacturing going up is good indicator for the market.. dont miss to ride,13-12-2021 12.01,
854,"whistle blower points out irregularities in load disbursements of Icici bank to US Sec ...caution ,may fall tomorrow",12-12-2021 23.40,
855,ICICIBANK GOOD SUPPORT AT 680 KEEP TGT 780-850-900 SL 650,12-12-2021 23.33,
856,ICICIBANK GOOD BREAKOUT AFTER CONSOLIDATION CMP 758 TGT 770-780-810 SL 750,12-12-2021 22.15,
857,"Iex 300 coming good refovery sighn today at , For AnyTips OrHelp wtzp... 73OO7 :311 :44",12-12-2021 21.53,
858,"dr reddy cmp 4593 looking good for 4700/5000 , For AnyTips OrHelp wtzp... 73OO7 :311 :44",12-12-2021 21.47,
859,Something very interesting I want to share. Just see technical buy sell charts provided by www IntradayAFL com and the accuracy.,12-12-2021 21.44,
860,"Telle grm Profit_Junction : UBL formed bullish engulfing, but is in range as per all technical indicators in daily chart, buy abv 1530 for 1650 tgt in 2 week. I give freee intrdy sugstions in my Tellee grm Profit_Junction",12-12-2021 19.39,
861,I never thought that following technical charts can be so profitable. Now I stopped blaming my luck for loosing. Following charts by www IntradayAFL com and making good profit.,12-12-2021 19.35,
862,IndusInd bank 956 and target will be 1000/1060/1100 ForAny HelpOrTips wtzzp.. 73OO7: 311 44,12-12-2021 16.52,
863,"Telle grm Profit_Junction : ZEEL is near to its support level of 333, making it little weak. buy only abv next resistance of 342 for next tgt of 365 soon. I give freee intrdy sugggestions in my Tellee grm Profit_Junction",12-12-2021 16.38,
864,"Telle grm Profit_Junction : Dabur is bearish as per indicators in short term, buy it abv 588 for a tgt of 630 and sell it below 560 for a tgt of 530 in a week. I give freee intrdy sugggestions in my Tellee grm Profit_Junction",11-12-2021 18.58,
865,"Telle grm Profit_Junction : ZEEL is near to its support level of 333, making it little weak. buy only abv next resistance of 342 for next tgt of 365 soon. I give freee intrdy sugggestions in my Tellee grm Profit_Junction",11-12-2021 18.37,
866,Telle grm Profit_Junction : Jubilant food near to breakout and looks little bullish as per the indicators in daily charts. Buy it abv 3850 for 4100 in 2 week time frame. I share freee intraday caallls in my Tellee grm Profit_Junction,11-12-2021 18.21,
867,ICICI bank available at attractive valuation buy near 800 and add more at lower levels for 890 for more info v.gd/GjmAyK,11-12-2021 14.33,
868,Buy ICICI bank at 800 support 650 target 1000 for more info v.gd/GjmAyK,11-12-2021 12.32,
869,Telle grm Profit_Junction : Sun TV formed hammer and can act as little bullish as per indicators in 60 mins chart. Buy only above 535 for 600 soon. I share freee intrdy sugggestions in my Tellee grmProfit_Junction,11-12-2021 11.32,
870,"if index options are your cup of tea, for profits remember ..",11-12-2021 9.40,
871,next week icici bank target above 800 ...so hold...,10-12-2021 21.05,
872,LABS AND PHARMA SECRETS GROWING POWERFULLY AS OER TECHNOLOGY GROWING SO YOU CAN INVEST AND GROW WITH THIS STOCK... FOR ANYHELP & INFOO JUST TEXTTT ON WWHTSP 84454 NINE TWO O56,10-12-2021 19.01,
873,START FILLING YOUR PORTFOLIO WITH THIS STOCK AND MAKE IT BOOMEER FOR MORE INFOOOO WHHHTSPPP ON 84454 NINE 2O 56,10-12-2021 17.10,
874,"icici is now 755,also in uptrend, nifty is above 17350, no chance to come down to 730. Better stop your jokes",09-12-2021 22.02,
875,"Telle grm Profit_Junction : Lupin is little bearish from past one week in daily chart, buy it only abv 886 for a tgt of 950 & sell below 858 for 835. I give freee intrdy sugggestions in my Tellee grm Profit_Junction",09-12-2021 21.36,
876,"Telle grm Profit_Junction : TVS motor broken its demand zone making it little bullish, buy it only abv 690 for a tgt of 730 within a week. I give freee intrdy sugggestions in my Tellee grm Profit_Junction",09-12-2021 21.23,
877,"Intimation regarding Loss of share certificates and issue of duplicate share certificate of ICICI Bank Limited pursuant to SEBI Regulations, 2015",09-12-2021 20.13,
878,How to overcome our fear of losses incurred by return ........v.gd/wSQSTI,09-12-2021 19.49,
879,"In new Era of Crypto, Trading has become familiar with everyone however the right corner is still at right place which is ........v.gd/wSQSTI",09-12-2021 19.48,
880,"Icici Bank cmp 755 next 800 coining , tellegraam- KTRAD",09-12-2021 19.29,
881,Something very interesting I want to share. Just see technical buy sell charts provided by www IntradayAFL com and the accuracy.,09-12-2021 15.14,
882,Buy ICICI bank at 800 support 650 target 1000 for more info v.gd/GjmAyK,09-12-2021 14.17,
883,"if a trader feels that a particular stock price has potential to increase further, it is important to readjust the stop-loss option and reduce the risk factor",09-12-2021 14.06,
884,"Hello friends. There is a news of Bharti Airtel taking over Siti networks .Imagine where siti can go with its already strong fundamentals , presence of large investors and turnaround play. This calls for doubling of our super multibagger re...&nbsp",09-12-2021 12.14,
885,Investing is not an easy mind game ....it requires patience to feel the power of stock market..... v.gd/wSQSTI,09-12-2021 11.47,
886,"The supreme court case for gtl infra vs ed arc, gtl infra side case handled by abhishek manu singhvi, which means manoj t has strong support.... v.gd/wSQSTI",09-12-2021 11.46,
887,"ICICI Bank : Intra Day Target : 750 , sell sell call today for decent intra day profits. Sure-shot.",09-12-2021 11.25,
888,sell icici bank for target of 735,09-12-2021 11.14,
889,Back to Green ICICI Bank.....&...... Alembic Pharma.......,09-12-2021 10.47,
890,Todays Hot Stocks....Sonacoms..... Aarti drugs.... Alembic Pharma..... Just see,09-12-2021 10.43,
891,"This stock really shows lots of quality strength even after two days of rally, we expect it to move towards 780 level",09-12-2021 10.09,
892,I was loosing money in stock market trading for last 6 years. Then I found an interesting site www IntradayAFL com I started following their Buy Sell Charts and now making money everyday.,09-12-2021 10.07,
893,Probability of your returns go up if you buy more value by paying what it is worth.,09-12-2021 9.26,
894,Fundamentally strong stock add at every dips for long term for more... Queen of future,08-12-2021 17.22,
895,Growth oriented stocks will be accumulated heavily by fiis and diis. Full list available............ v.gd/wSQSTI,08-12-2021 16.50,
896,Investing is not an easy mind game ....it requires patience to feel the power of stock market..... v.gd/wSQSTI,08-12-2021 16.50,
897,option jackpot calls start from tomorrow. tkYRIrEB8FJhNDBl,08-12-2021 16.48,
898,"Some Unauthorized News is coming from another forums, check now... Queen of future",08-12-2021 16.42,
899,The Bank has a high Capital Adequacy Ratio of 15.84% signifying high buffers against its risk based assets,08-12-2021 16.36,
900,"Sun pharma looking good 757 and wxpect tgt 790/800 , For AnyTips OrHelp wtzp... 73OO7 :311 :44",08-12-2021 16.19,
901,ICICI BANK will cross four digits by 31st December.,08-12-2021 15.04,
902,Best time for investment in pharma more detls. DONT MISS THIS TIME.. Queen of future,08-12-2021 14.41,
903,"Sun pharma looking good 757 and wxpect tgt 790/800 , For AnyTips OrHelp wtzp... 73OO7 :311 :44",08-12-2021 14.39,
904,"Believe only on technical charts, not to call providers blindly. Install buy sell chart system from www IntradayAFL com",08-12-2021 13.46,
905,buy 760 ce will reach 24 by today or tomorrow...go long only,08-12-2021 13.36,
906,time to buy icicibank it will blast up side to 790 at any moment..go long only.,08-12-2021 13.20,
907,"exit today and entry later, this should close below 745 today.....",08-12-2021 13.14,
908,"Iex 300 coming good refovery sighn today at , For AnyTips OrHelp wtzp... 73OO7 :311 :44",08-12-2021 12.47,
909,expecting little bit of sell off from here.. has made good gains yesterday as well,08-12-2021 12.41,
910,....cbsl 715 is still safe in ICICI Bank till now 757 high... almost 30 points and near my first target.... enjoy profit with lutery....,08-12-2021 12.15,
911,"Bharti airtel cmp 732 for tomorrow morning 740/760/770 , For AnyTips OrHelp wtzp... 73OO7 :311 :44",08-12-2021 11.54,
912,best comedian of the millennia goes to this guy...he has dedicated his life to give us nonstop unlimited comedy ,08-12-2021 11.52,
913,buy for today target of 760....,08-12-2021 11.45,
914,this stock is redy for breakdown again and give u good return..Keep hold v.gd/wSQSTI,08-12-2021 10.58,
915,"ICICI Bank was also the largest acquirer, adding 278,000 cards : CLSA maintain Buy with sort term Target 915",08-12-2021 10.43,
916,Todays Fast Movers..... ICICI Bank.... Alembic Pharma.... Aarti dtugs....All brokers Strong Recommendation......buy,08-12-2021 10.39,
917,Nehaji thanks for your suggestion on WAA Solar. It is a hidden gem.,08-12-2021 10.21,
918,what about RBI repo rate ? is it positive or negative for banks ?,08-12-2021 10.18,
919,waah waaah booked amazing 21k in nelco futures btst calll Thank you and God bless,08-12-2021 10.17,
920,Nehaaaa ji grabbed 15k on your btst call on Axis bank God bless you neha and keep up the great work,08-12-2021 10.14,
921,"ICICI Bank: Intra Day Target : 755 , buy buy buy in this counter today for sure shot profits gains.",08-12-2021 10.09,
922,buy GRSE mini ratna psu having promotor holding 75% good profit making company available at cheap rate,08-12-2021 9.43,
923,OPERATOR TRADE ICIC BANK BUY CONT : 93158-56150 - My target for ICICI Bank is Rs 755 for the short term with a stoploss of Rs 725,08-12-2021 9.42,
924,IndusInd bank 956 and target will be 1000/1060/1100 ForAny HelpOrTips wtzzp.. 73OO7: 311 44,07-12-2021 21.44,
925,IndusInd bank 956 and target will be 1000/1060/1100 ForAny HelpOrTips wtzzp.. 73OO7: 311 44,07-12-2021 21.20,
926,massive upmove coming up...hold for targets of 1000 in 6 months time.,07-12-2021 21.02,
927,purunartha PMS buying icici bank.,07-12-2021 20.46,
928,Fundamental strong stock add at every dips for long term view more AnyTips OrHelp wtzp... 73OO7 :311 :44,07-12-2021 20.06,
929,"People say that technical charts are very helpful to trade, but I do not know to use them. Then I found www IntradayAFL com and now I watch simple charts with buy sell signals.",07-12-2021 19.53,
930,THIS STOCK.IZ LOOKIMG VERY GOOD FOR BUY AND HOLD AS PER FUNDAMENTALS CHARTINGS FOR ANYHELP AND INFOO JUST TEXTTTT ON WHHATSAPPP 84454___NINE 2O 56,07-12-2021 19.04,
931,Never depend on single income. Make investment to create second source for more info.. Queen of future,07-12-2021 18.15,
932,It is also important to close all open positions. Intraday traders often fail to do so due to fear of booking a loss.,07-12-2021 17.17,
933,axis bank good to add at 580 level. its a good buy. cover all dips,07-12-2021 17.11,
934,How many millionaires do you know who have become wealthy by investing in savings accounts?,07-12-2021 13.52,
935,"At times, you will have to step out of your comfort zone to realize significant gains.",07-12-2021 13.52,
936,That is another testament to the fact that investing without an education,07-12-2021 13.52,
937,Investors often make things too hard for themselves. The value stocks that Buffett prefers frequently outperform the market,07-12-2021 13.51,
938,"If it seems too hard to find the next Amazon, John Bogle came up with the only sure way to get in on the action",07-12-2021 13.51,
939,Most people dismiss many of the best and most profitable investment ideas,07-12-2021 13.51,
940,"Looking at history, the markets recovered from the coronavirus crisis, the 2008 financial crisis",07-12-2021 13.51,
941,"Whenever something big goes wrong, a lot of people panic and sell their investments",07-12-2021 13.51,
942,CLSA TARGET OF 1100. ! HUGE UPSIDE POTENTIAL.,07-12-2021 13.26,
943,Market always gives superb return to long term holders so fill ur portfolio with long term stocks.. Queen of future,07-12-2021 13.09,
944,"POSITIONAL TRADE: ICICI BANK- BUY 727.35, STOP LOSS- 720, TARGET- 742.50 REGARDS",07-12-2021 11.19,
945,never depend on single income. Make investment to create second source,07-12-2021 11.18,
946,"Sun pharma looking good 757 and wxpect tgt 790/800 , For AnyTips OrHelp wtzp... 73OO7 :311 :44",07-12-2021 11.06,
947,Toofani stocks....Sonacoms.... ICICI bank....Lxchem.... Aarti drugs.... Alembic Pharma.....Ab Chalenge... look,07-12-2021 10.50,
948,Many brokerages given buy yesterday. So people interested in ICICI Bank and pvt bank stocks today. Show,07-12-2021 10.41,
949,Buy now it will be the top nifty stock,07-12-2021 10.22,
950,Christmas rally will change the market in green Zone. Patience,07-12-2021 9.29,
951,"Many taken ce options premium ahead of RBI policy output. So writers decide premium. Nifty will open depend sgx nifty, but if FII will diminish their position again, nifty again comes around 16900 level today. Show",07-12-2021 6.57,
952,keep away Fear of lossing and Greed of making more. you can make a hell lot of money in trading..,07-12-2021 6.54,
953,This stock is a very good choice to your portfolio ...buy at current levels for Good investment,07-12-2021 6.48,
954,"we are expecting is a minor pause, which can be seen over the next couple of sessions.",06-12-2021 20.07,
955,Sugar stocks have been in focus as the government brought forward the target date for achieving 20 percent ethanol-blending with petrol by two years to 2023,06-12-2021 20.06,
956,FROM COUPLE OF DAYS WE SEEN HEAVY VOLUME IN THIS STOCK KEEP IT IN YOUR RADAR. IT WILL STOP FLACTUATING FOR ANYHELP AND INFOO JUST TEXTTT ON WHHATSAPPP 844 FIVE 492 O56,06-12-2021 20.01,
957,"Sbi life insurence at dip 1173 and target will 1200/1230 , For AnyTips OrHelp wtzp... 73OO7 :311 :44",06-12-2021 19.50,
958,"Some Unauthorized News is coming from another forums, check now... Queen of future",06-12-2021 19.08,
959,it is not FII people who are creating nuisance but the Indian Portfolio Managers who manage money on behalf of FII,06-12-2021 19.00,
960,I think ..may be iam wrong. mostly investor are from USA. Sayed yesa ho sakta hai... as we know Russian President is here... so its a warning or message to our Govt... may be thats why investor take it out all their money. because they thin...&nbsp,06-12-2021 17.52,
961,"they are playing f&o, they are not investors last three month FII short 80L cr. Im small investor Im not impact single Percent of market. what can I do?I think SEBI must regulate them.",06-12-2021 16.58,
962,Telle grm Profit_Junction : HCL is little bullish as per all indicators with next resistance 1170. Buy it above 1170 for a tgt of 1250 shortly within 2 weeks. I give freee intrdy sugestns in my Tellee grm Profit_Junction,06-12-2021 16.27,
963,these kind of comments are hilarious.. without fiis money there wouldnt have been a bull run at all..they are also eligible to book profits like we retailers..kindly refrain from commenting like an uninformed person..rather lets act like re...&nbsp,06-12-2021 16.18,
964,Intraday traders should go through historical data and research reports to gauge the demand for a particular stock.,06-12-2021 14.00,
965,How many millionaires do you know who have become wealthy by investing in savings accounts?,06-12-2021 14.00,
966,As per my view market can recover sharply. Dow futures are up by 200 points. It will move up sharply as on Friday it gone down sharply.,06-12-2021 13.52,
967,Have an opinion on this news? Post your comment here.,06-12-2021 13.51,
968,Have an opinion on this news? Post your comment here.,06-12-2021 13.50,
969,Have an opinion on this news? Post your comment here.,06-12-2021 13.50,
970,"ICICI BANK will be 1st virtual bank Of India, IT will rise ten fold til 2030.",06-12-2021 13.26,
971,"Telle grm Profit_Junction : Dabur is bearish as per indicators in short term, buy it abv 588 for a tgt of 630 and sell it below 560 for a tgt of 530 in a week. I give freee intrdy sugggestions in my Tellee grm Profit_Junction",06-12-2021 13.25,
972,This stock with rating change will now soon show new colors... follow our channel for more unbiased insiga,06-12-2021 12.43,
973,Icici bank 720 cmp looking for 760/770 at my target forAnyHelp OrTips wtzp..... 73OO7 :31144,06-12-2021 12.10,
974,BIOCON is all set for a big breakout with its inclusion in the Dow Jones emerging markets equity basket as also the approval by USFDA of their latest ANDA..ICIC BANK is vulnerable for a big fall if interest rates and inflation moves up..Bet...&nbsp,06-12-2021 10.56,
975,"Banking sector involvement has been increased significantly affected customers across industries,,,more company updates only in our Channel..",06-12-2021 10.52,
976,"115,63,62,000 Crore qty today Our Group interested in Buying from Upper Circuit till 1000 Today and till tomorrow and wednesday in Icici bank Limited...",06-12-2021 10.51,
977,"Banking sector involvement has been increased significantly affected customers across industries,,,more company updates only in our Channel.",06-12-2021 10.42,
978,Market always gives superb return to long term holders so fill ur portfolio with long term stocks.. Queen of future,06-12-2021 10.32,
979,Top Deliveries Idea..........Jo Pehle Nahi Chala Vo Ab Chalegaa..... Aarti drugs.. . Alembic Pharma....Lxchem....Sonacoms.... Phillips carbon.... Mmtc...Look,06-12-2021 10.30,
980,Have an opinion on this news? Post your comment here.,06-12-2021 10.23,
981,clsa increased target  icici bank to 1100...keep buying.,06-12-2021 10.03,
982,Something very interesting I want to share. Just see technical buy sell charts provided by www IntradayAFL com and the accuracy.,06-12-2021 9.19,
983,"Good morning friends. After successfully passing you all the tip regarding Brightcom ltd through my id Brightcom_Kingstock , now I present before all of you another of my great super multibagger tip Namely Siti Networks. This stock like Bri...&nbsp",06-12-2021 8.53,
984,How many millionaires do you know who have become wealthy by investing in savings accounts?,05-12-2021 18.46,
985,"Telle grm Profit_Junction : ZEEL is near to its support level of 333, making it little weak. buy only abv next resistance of 342 for next tgt of 365 soon. I give freee intrdy sugggestions in my Tellee grm Profit_Junction",05-12-2021 15.00,
986,"Telle grm Profit_Junction : TVS motor broken its demand zone making it little bullish, buy it only abv 690 for a tgt of 730 within a week. I give freee intrdy sugggestions in my Tellee grm Profit_Junction",05-12-2021 13.43,
987,"SGX Nifty showing level higher than 17000 now possible with getting strong global clues, our Channel continues to give the best Market updates.",05-12-2021 13.31,
988,"SGX Nifty showing level higher than 17000 now possible with getting strong global clues, our Channel continues to give the best Market updates.",05-12-2021 6.11,
989,Telle grm Neha0103 : ICICI Bank moving in range in daily chart. It will be bullish if it breaks above the resistance of 733 with next fibb resistance 800. Learn how to predict stock price movements in my Telleegrm Neha0103,02-12-2021 18.29,
990,"Enclosed, please find the schedule of the Analyst Day (virtual) held on December 4, 2021. Presentations made to analysts during the meet are attached and are also available on the Banks website www.icicibank.com.  You are requested to take ...&nbsp",04-12-2021 17.30,
991,"Buy and hold for 2 months for an appreciation of around 12 to 15 %.Right now because of year ending concerns FIIs are selling daily but come Jan 22,they will be net buyers.This is a normal phenomenon every year.",04-12-2021 16.18,
992,ICICI bank available at attractive valuation buy near 730 and add more at lower levels for 980 for more info v.gd/GjmAyK,04-12-2021 14.29,
993,"ICICI bank caught in 1o Pts range for the Entire last week... Evenafter nearly 20% From its recent High, ICICI bank stopped from reversing up due to extreme Market pressure.. But this GEM OF BANKING STOCK will make spectacular upside once i...&nbsp",04-12-2021 12.47,
994,Take a sure shot monday buy abv 720 immediately 726 possible. Show,03-12-2021 18.47,
995,Intraday traders make frequent transactions and accrue small gains daily.,03-12-2021 18.47,
996,"SGX Nifty showing level higher than 17000 now possible with getting strong global clues, our Channel continues to give the best Market updates.",02-12-2021 13.36,
997,Only our channel guides you with unbiased recommendations and levels to win in any form of the market,02-12-2021 19.41,
998,For indian market special thing that death in neighbour and condolence in india ha ha ha europe where little chance of covid new crises trade in positive and in india only negative view.,03-12-2021 15.07,
999,Banknifty continuous weak since few days compare to Nifty today also in morning bounce trap investors and then down down only down.so bindaas short it with sl 36800,03-12-2021 14.53,
1000,I think straight forward indian should accept their weak economy and fake manipulated market,03-12-2021 14.48,
1001,Ha ha ha all problems in india only us was positive Europe Asia all positive corona personally hit India where zero case of new variant,03-12-2021 14.47,
1002,BUY PNb....punjab National Bank for Investment & Trade......,03-12-2021 14.47,
1003,Seems more fall possible..what is the target expected here,03-12-2021 14.35,
1004,Buy ICICI bank at 740 support 700 target 955 for more info v.gd/GjmAyK,03-12-2021 9.44,
1005,ICICIBANK KEEP TGT 735 - 750 - 780 FOR MORE TEELLLLEEGRAAMM WEALTHMENTORS01 v.gd/2OfFD6,03-12-2021 9.40,
1006,Dear friends enjoy super multibagger returns investing with Siti Netwotks where upwards price movement has just about started and likely to move up for a long long time. Read details about the company in siti networks forum and get convince...&nbsp,03-12-2021 8.43,
1007,ICICI bank available at attractive valuation buy near 730 and add more at lower levels for 980 for more info v.gd/GjmAyK,03-12-2021 7.12,
1008,ICICI bank available at attractive valuation buy near 800 and add more at lower levels for 890 for more info v.gd/GjmAyK,02-12-2021 23.56,
1009,Investing is not an easy mind game ....it requires patience to feel the power of stock market. v.gd/4x3mcG,02-12-2021 22.27,
1010,Telle grm AskCharts for trading ideas : ICICI Bank moving in symmetrical Triangular pattern in daily chart. It will be bullish if it breaks 740 pivot with next fibb resistance 800. Learn how to predict stock price movements in my Telleegrm ...&nbsp,02-12-2021 22.01,
1011,THIS STOCK.IZ LOOKIMG VERY GOOD FOR BUY AND HOLD AS PER FUNDAMENTALS CHARTINGS FOR ANYHELP AND INFOO JUST TEXTTTT ON WHHATSAPPP 84454___NINE 2O 56,02-12-2021 21.59,
1012,ICICI bank available at attractive valuation buy near 730 and add more at lower levels for 980 for more info v.gd/GjmAyK,02-12-2021 21.42,
1013,ICICI bank available at attractive valuation buy near 730 and add more at lower levels for 980 for more info v.gd/GjmAyK,02-12-2021 21.11,
1014,Icici Bank has gone below the 50 DMA and taken support at 100 DMA. If it is unable to hold 715-720 levels on friday closing basis the uptrend can reverse.,02-12-2021 18.43,
1015,Companies like Motherson Sumi and Bharat Forge reported a strong set of numbers. PNB Housing deal with the Carlyle Group fuelled up the entire housing sector.,02-12-2021 16.41,
1016,"SGX Nifty showing level higher than 18000 now possible with getting strong global clues, our Channel continues to give the best Market updates.",02-12-2021 16.05,
1017,"SGX Nifty showing level higher than 17000 now possible with getting strong global clues, our Channel continues to give the best Market updates.",02-12-2021 15.37,
1018,Only our channel guides you with unbiased recommendations and levels to win in any form of the market,02-12-2021 15.25,
1019,icici bank will close in green 750 in next week,02-12-2021 15.03,
1020,Something very interesting I want to share. Just see technical buy sell charts provided by www IntradayAFL com and the accuracy.,02-12-2021 14.59,
1021,ICICI bank available at attractive valuation buy near 730 and add more at lower levels for 980 for more info v.gd/GjmAyK,02-12-2021 14.39,
1022,ICICI bank available at attractive valuation buy near 730 and add more at lower levels for 980 for more info v.gd/GjmAyK,02-12-2021 14.27,
1023,Market may be cautious at the end of trade. Dow futures are only only 240 point around 0.48 percent after yesterdays sell off. Trade with strict stop loss mostly in banking stock,02-12-2021 13.49,
1024,ICICI bank available at attractive valuation buy near 730 and add more at lower levels for 980 for more info v.gd/GjmAyK,02-12-2021 13.13,
1025,This is good stock to add in our portfolio and we are getting it at cheap rates,02-12-2021 12.50,
1026,"Earn as much as you can, save as much as you can, invest as much as you can, give as much as you can.",02-12-2021 12.48,
1027,Flash Alert...Bank nifty support at 35920 today...If breaks 36700 below only able to sustain..Danger bells. ,02-12-2021 12.48,
1028,"To be a successful business owner and investor, you have to be emotionally neutral to winning and losing Winning and losing are just part of the game",02-12-2021 12.47,
1029,Wise spending is part of wise investing. And it s never too late to start.,02-12-2021 12.47,
1030,ICICI bank available at attractive valuation buy near 800 and add more at lower levels for 890 for more info v.gd/GjmAyK,02-12-2021 12.46,
1031,Only our channel guides you with unbiased recommendations and levels to win in any form of the market,02-12-2021 12.46,
1032,indian market overreacted though almost 1.4 crore people vaccinated and 58 plus crore double dose completed... everything open and Corona case also declining day by day... yesterday Jeffries gave target of 1000 and lot more brokerages targe...&nbsp,02-12-2021 12.43,
1033,Nifty shruggs off US mkt collapse and running higher despite Big Pocket Banking stocks such ICICI and Axis banks falling upto 1.5% now.. Good price to accumulate for a short term Profit upto 7-8% from here on both these counter.. Short cove...&nbsp,02-12-2021 12.39,
1034,Sell Icici with target of 715 & stop loss at 729......visit goyaltips...,02-12-2021 10.06,
1035,Buy ICICI bank at 740 support 700 target 955 for more info v.gd/GjmAyK,02-12-2021 10.04,
1036,ICICI bank available at attractive valuation buy near 730 and add more at lower levels for 980 for more info v.gd/GjmAyK,02-12-2021 9.47,
1037,best portfolio rebalancing strategy is here... bnf index on fire as well.  Queen of future,02-12-2021 9.33,
1038,Hello friends. The confident shorting by operators to scare away the retailers is not going to help their own cause. More and more people are learning about siti and are now able to judge correctly the value of siti networks. We will ensure...&nbsp,02-12-2021 9.10,
1039,ICICI bank available at attractive valuation buy near 730 and add more at lower levels for 980 for more info v.gd/GjmAyK,02-12-2021 8.02,
1040,I agree here ICICI Bank available at great valuations along with Axis Bank and SBi Bank to invest!!,01-12-2021 9.56,
1041,Will see more downtrend in upcoming session so be ready for come out from stock...,02-12-2021 7.18,
1042,GOOD time For invest in this stock but Wait for the right Stage,02-12-2021 6.27,
1043,"ICICI Bank s alternative asset arm -- ICICI Venture has divested half of its 13.5 per cent stake in the recently concluded IPO of Go Fashion (India), which owns womens wear brand Go Colors. ICICI Venture, through its fourth private equity f...&nbsp",02-12-2021 5.55,
1044,"People say that technical charts are very helpful to trade, but I do not know to use them. Then I found www IntradayAFL com and now I watch simple charts with buy sell signals.",01-12-2021 20.31,
1045,Invest safely so never gonna regret...pick worthy deal,01-12-2021 19.45,
1046,Buy it for investment purposes having strong fundamentals Profit booking would be seen now in this stock now book ur profit....wait to reenter at lower levels,01-12-2021 19.40,
1047,THIS STOCK IS SNOWING POWERFULL RALLY AGAIN SO KEEP IT AND BE SAFE FOR ANYHELP REGARDING THIS STOCK TEZXT ON WwwHATSPPPP 844 54 NINE 2O56,01-12-2021 19.38,
1048,GOOD time For invest in this stock but Wait for the right Stage.,01-12-2021 19.00,
1049,Telle grm AskCharts : ICICI Bank moving in range in daily chart. It will be bullish if it breaks above the resistance of 740 with next fibb resistance 800. Learn how to predict stock price movements in my Telleegrm AskCharts,01-12-2021 18.21,
1050,"Post a base Triangle breakout in mid-July, the stock resumed the larger uptrend. For the week gone by, it has formed a bullish outside bar pattern on the weekly chart, which reinforces the uptrend",01-12-2021 16.52,
1051,Most accurate Buy Sell Chart System is www IntradayAFL com Watch free charts and no false claim. Check yourself.,01-12-2021 16.25,
1052,BUY ICICIBANK SL 718 Target 750-775,01-12-2021 15.39,
1053,ICICI bank available at attractive valuation buy near 800 and add more at lower levels for 890 for more info v.gd/GjmAyK,01-12-2021 15.15,
1054,ICICI bank available at attractive valuation buy near 730 and add more at lower levels for 980 for more info v.gd/GjmAyK,01-12-2021 13.46,
1055,Guys - How would you rate my BTST calls on ICICI Bank and Indusind Bank as well as clearly written that market would gap up today!!,30-11-2021 9.27,
1056,PE buyers stay neutral....or away...Europe market in Green...Sentiment positive ,01-12-2021 13.41,
1057,Investing is not an easy mind game ....it requires patience to feel the power of stock market..... v.gd/wSQSTI,01-12-2021 13.16,
1058,"The supreme court case for gtl infra vs ed arc, gtl infra side case handled by abhishek manu singhvi, which means manoj t has strong support.... v.gd/wSQSTI",01-12-2021 13.16,
1059,selll sell selll selll Big fall Big fall 300 drop points,01-12-2021 13.10,
1060,Good GDP data and ratings upgrade can take the stock above 800 in December because in January it will post results and 1000 that time also possible...,01-12-2021 13.04,
1061,Looking weak from here with low delivery volume high chances of short sell possible here .,01-12-2021 12.55,
1062,"If anyone can Hold Atleast 5 Sessions from tomorrow, BUY ICICI BANK at cmp 727.. Tgt 755.. (NO need for Stoploss if you are ready for more than 4 weeks holding in case of fall).,, Strong Counter in Bank index.. I hope it Will recover faster...&nbsp",01-12-2021 12.55,
1063,Buy ICICI bank at 740 support 700 target 955 for more info v.gd/GjmAyK,01-12-2021 12.47,
1064,Sell off started...400 points drop more chances by 14.00....today FII high sell off possible...US 250 points drop after biden statement,01-12-2021 12.14,
1065,Dont Sell this stock now It Will reverse for some momentum,01-12-2021 11.59,
1066,"Can go up very quickly from these levels, watch it",01-12-2021 11.52,
1067,Sell sell sell selll. best time to sell selll sell...Sell on every rise...,01-12-2021 11.50,
1068,Update: MACD indicated Huge sell off soon....exit exit book profit and exit...Big fall alert,01-12-2021 11.46,
1069,Yesterday US market drops 250 point appx...after noon 13.30 chances of vanish all profits ..chances to drop 450 points from these level,01-12-2021 11.38,
1070,Unlikely scenario analysis developed strong analytical skills developed strong. How? .......... v.gd/wSQSTI,01-12-2021 11.26,
1071,Fundamentally strong stock add at every dips for long term for more... v.gd/wSQSTIz,01-12-2021 11.25,
1072,Buy ICICI bank at 740 support 700 target 955 for more info v.gd/GjmAyK,01-12-2021 11.21,
1073,CE buyers exit...Sudden fall expected below 36200,01-12-2021 11.19,
1074,ICICI bank available at attractive valuation buy near 730 and add more at lower levels for 980 for more info v.gd/GjmAyK,01-12-2021 10.24,
1075,Buy ICICI bank at 740 support 700 target 955 for more info v.gd/GjmAyK,01-12-2021 10.03,
1076,Fundamentally strong stock add at every dips for long term for more... Queen of future,01-12-2021 9.33,
1077,ICICI bank available at attractive valuation buy near 730 and add more at lower levels for 980 for more info v.gd/GjmAyK,01-12-2021 9.11,
1078,Good Morning friends. I would like to share some good bits of information with you all regarding Siti. If you observe the 50 Day moving average and the 200 DMA you will observe that the 50 DMA crossed the 200 DMA after a prolong period of c...&nbsp,01-12-2021 9.08,
1079,"Buy Greenply for 30% profit in 10 days . Cmp 199 . TARGET is 240 - 270. Short term targets are 340 , 460 .",01-12-2021 8.38,
1080,Icici bank rating update: Upgraded to stable with negative outlook... One rating firm suggesting to accumulate for 1000.,01-12-2021 7.47,
1081,"Affirms Fitch outlook negative on ICICI Bank. So if open high, possible705. Show",01-12-2021 7.05,
1082,money control Always asking for premium service they not updated Global indices & adr menu,01-12-2021 3.47,
1083,"how.much impact of adr happen in Indian market. it is 5%down today for icici. any one please suggest. this is new, wanted to learn more.and more",01-12-2021 2.32,
1084,nifty chances16668 possible if again FII data will be declined. Show,30-11-2021 16.45,
1085,Yesterday given suggestions sell on high. Followers great earned money today. Show,30-11-2021 16.38,
1086,Companies like Motherson Sumi and Bharat Forge reported a strong set of numbers. PNB Housing deal with the Carlyle Group fuelled up the entire housing sector.,30-11-2021 16.18,
1087,My analysis hit pin point Target...300 point fall completed...hurry ,30-11-2021 15.20,
1088,Buy ICICI bank at 740 support 700 target 955 for more info v.gd/GjmAyK,30-11-2021 15.03,
1089,Have an opinion on this news? Post your comment here.,30-11-2021 14.42,
1090,"Can go up very quickly from these levels, watch it",30-11-2021 14.40,
1091,ICICI bank available at attractive valuation buy near 730 and add more at lower levels for 980 for more info v.gd/GjmAyK,30-11-2021 13.53,
1092,300 points drop possible in banknifty today...just watch and earn...But PE buy at hights only..30% trade cap is enough,30-11-2021 13.45,
1093,This Stock is looking hot for Short term..It will speedly growing up,30-11-2021 13.37,
1094,"Dear PUT buyers your SL will ne 36240 between, 36194 & 36165 will be small resistance ",30-11-2021 12.47,
1095,j rj rj group coming in bank nifty buy buy buy buy buy buy,30-11-2021 12.41,
1096,Yes..once touch 35960 good fall will see..I think 35800 also will break this time,30-11-2021 12.35,
1097,Big sell off zone.... Dont buy...be aware..big fall,30-11-2021 12.27,
1098,Buy ICICI bank at 740 support 700 target 955 for more info v.gd/GjmAyK,30-11-2021 12.24,
1099,Considered to right time to sell now...sell sell sell,30-11-2021 12.20,
1100,Sell ICICI Bank with target of 709 & Stop loss at 723....visit goyaltips,30-11-2021 12.06,
1101,Who were followed & seen my previous post may save 75% loss...and may exit in good profit,30-11-2021 11.45,
1102,"hopeless FII buying in morning so price goes up, then FII start selling looks like will go down below 700 soon",30-11-2021 11.44,
1103,Buy Icici bank with target of 729 & stop loss at 715....visit goyaltips....,30-11-2021 11.14,
1104,Dont Sell this stock now It Will reverse for some momentum,30-11-2021 7.06,
1105,Telle grm AskCharts : ICICI Bank moving in range in daily chart. It will be bullish if it breaks above the resistance of 733 with next fibb resistance 800. Learn how to predict stock price movements in my Telleegrm AskCharts,30-11-2021 6.28,
1106,abb nahi kharidengae to kaab kharid le issh bank ko. Covid19 management system is in place now. no need to worry,30-11-2021 6.24,
1107,KVP Share Market already placed sell signal on market through youtube channel. Hope that people benefitted from the same.,29-11-2021 21.52,
1108,ICICI bank available at attractive valuation buy near 730 and add more at lower levels for 980 for more info v.gd/GjmAyK,29-11-2021 21.17,
1109,"Banking sector involvement has been increased significantly affected customers across industries,,,more company updates only in our Channel..",29-11-2021 20.17,
1110,PMC fincrop next multibigger stock target RS.10 plus March 2022 buy and hold once again RS.100 plus next 2 years v.gd/wSQSTI,29-11-2021 20.01,
1111,Crude oil Beneficiaries like ongc gail and bpcl will fire. Want to know more beneficiary cost Crude oil Beneficiaries like ongc gail and bpcl will fire. Want to know more beneficiary cos ..v.gd/wSQSTI,29-11-2021 20.00,
1112,Telle grm AskCharts : ICICI Bank moving in range in daily chart. It will be bullish if it breaks above the resistance of 733 with next fibb resistance 800. Learn how to predict stock price movements in my Telleegrm AskCharts,29-11-2021 18.28,
1113,"Banking sector involvement has been increased significantly affected customers across industries,,,more company updates only in our Channel..",29-11-2021 17.47,
1114,Buy ICICI Bank for the target of 747 in short term...,29-11-2021 14.49,
1115,ICICI bank available at attractive valuation buy near 730 and add more at lower levels for 980 for more info v.gd/GjmAyK,29-11-2021 14.27,
1116,Bear going to strong...Close Call options...Last chance 36090...If touch book Loss and exit...Other wise will cry,29-11-2021 14.24,
1117,Can buy 800 CE current level?,29-11-2021 13.56,
1118,Investment and wealth quotes show how to build a fortune in the long-run and spend it wisely.,29-11-2021 13.39,
1119,The best stock market quotes teach investors how success in the market depends on playing the odds instead of following natural instincts.,29-11-2021 13.39,
1120,Timeless financial quotes give investors a better perspective on the future by conveying wisdom from the past,29-11-2021 13.39,
1121,Virus update: ICMR said no need to panic in India....Big positive news ,29-11-2021 13.16,
1122,Breakout alert 80-150 point jump in minutes...,29-11-2021 12.39,
1123,Buy ICICI bank at 740 support 700 target 955 for more info v.gd/GjmAyK,29-11-2021 12.28,
1124,Buy ICICI bank at 720 support 700 target 955 for more info v.gd/GjmAyK,29-11-2021 9.34,
1125,Something very interesting I want to share. Just see technical buy sell charts provided by www IntradayAFL com and the accuracy.,29-11-2021 9.32,
1126,"Greenply is first to recover .CMP is 204 .targets are 280, 460 . No lockdown. Omicron is a very mild disease .",29-11-2021 8.30,
1127,Thedoctorwho discoveredOmicronsays symptoms from the variant are extremely mild and has accused theUKof panicking unnecessarily .,29-11-2021 8.21,
1128,"700 is a support, if holds, long term target remains at 900",29-11-2021 1.22,
1129,Market experts recommend a few basic intraday rules for individuals,28-11-2021 22.05,
1130,"it is important for you to choose the right platform, one that allows for quick decision-making, execution, and charges minimal brokerage",28-11-2021 22.05,
1131,Intraday traders make frequent transactions and accrue small gains daily.,28-11-2021 22.05,
1132,"ICICI Bank has raised Rs 3595 crore through senior unsecured redeemable long-term bonds in the nature of debentures and allotted 35,950 bonds on private placement basis. The bonds are redeemable at the end of 7 years (redemption date being ...&nbsp",28-11-2021 19.43,
1133,morgan stel. brokerhouse give 70000-80000 tahrget for indian market,28-11-2021 18.00,
1134,Companies like Motherson Sumi and Bharat Forge reported a strong set of numbers. PNB Housing deal with the Carlyle Group fuelled up the entire housing sector.,27-11-2021 19.53,
1135,Dear friends the space of Internet of Things (IoT) has huge potential for Cable MSOs like siti networks and they have a key role in consumer IoT and connected homes. Reading siti networks Annual Report looks very promising. As it starts to ...&nbsp,27-11-2021 18.36,
1136,BANKING SECTOR MOST VULNERABLE CAN LOSE THE MOST.SAFE BETS ARE TECHNOLOGY AND PHARMA.,27-11-2021 17.36,
1137,Instaed of focusing this best to focus on Nifty 50 listed shares take advantage of global market positivity and make profit on Monday buy as much as u can top 10 shares will be great,27-11-2021 17.29,
1138,"if certain sectors are not nurtured and financial flows are not maintained to these, there could be a risk of these businesses reaching a no-returns stage and thus an erosion in the supply-side of the economy.",27-11-2021 17.28,
1139,"Banking sector involvement has been increased significantly affected customers across industries,,,more company updates only in our Channel..",27-11-2021 13.39,
1140,"Good morning friends. After successfully passing you all the tip regarding Brightcom ltd through my id Brightcom_Kingstock , now I present before all of you another of my great super multibagger tip Namely Siti Networks. This stock like Bri...&nbsp",27-11-2021 8.50,
1141,ICICI BANK HAS COME BACK TO ITS PREVIOUS CONSOLIDATION ZONE AND ONLY DELIVERY PERCENTAGE CONTINUES EVERYDAY TO BE ABOVE 60% AND HOWEVER ONE CAN SEE A FRESH BUYING OPPORTUNITY HAS COME BUT THEN ONLY AFTER FULL CORRECTION COMPLETED.,26-11-2021 22.28,
1142,"The daily price action has formed a small bearish candle carrying either side shadows, indicating indecision at current levels",26-11-2021 21.24,
1143,currently Banking Sectors are unable to step up credit growth. This may be the reason why shares of banks are hit badly.,26-11-2021 16.48,
1144,"ICICI Bank : Intra Day Target : 720 , short sell call for today. Sure- short intra day profit gains.",26-11-2021 12.20,
1145,Big fall possible from now....sell sell sell.... dont buy this Falling knife,26-11-2021 11.05,
1146,Why chasing to buy or rise..by today evening or tomorrow...it will get in 715 below price..Strong Bear attack remaining..12.10 to 14.40....Just see,26-11-2021 12.00,
1147,I dont know who try to catch falling knife ..He must be realise by 13.45 Hrs...Banknifty S1 36240 if breaks 35500 only strong support..740 points fall,26-11-2021 11.50,
1148,buy icici bank previous sessions icici good upside to take 772 levels now stock seem again upside after fall . immidate target 747 or 765 levels,26-11-2021 11.39,
1149,Nothing to worry about new variant . Market is oversold . Will come up suddenly to 17 400 - 17800 in a few days . Start accumulating . Greenply CMP 207. TARGET is 226.,26-11-2021 11.00,
1150,.....buy ICICI Bank fut 731-726 cbsl 715 target 761-776-781..........,26-11-2021 10.52,
1151,LC Also possible today...Red Alert to buyers....Most Dangerous Corona virus ...warned our govt,26-11-2021 10.26,
1152,Crucial support breaked... dont buy..call or anything...Alert alert...36225 support in bank nifty,26-11-2021 10.20,
1153,Very good time to buy...fall only due to miscrimination...Later it will rise and adjust..Buy buy,26-11-2021 10.14,
1154,ICICI bank will give a pull back at 785 level by next week,25-11-2021 20.36,
1155,"This stock Good accumulate every price Can go up very quickly from these levels, watch it v.gd/wJ2bUk",25-11-2021 18.31,
1156,Investing is not an easy mind game ....it requires patience to feel the power of stock market..... Queen of future,25-11-2021 18.28,
1157,Fundamentally strong stock add at every dips for long term for more... Queen of future,25-11-2021 17.40,
1158,"Intimation regarding Loss of share certificates and issue of duplicate share certificate of ICICI Bank Limited pursuant to SEBI Regulations, 2015",25-11-2021 16.56,
1159,"In the private bank space, ICICI is the best bet. Even if we assume some correction in near future, it is not going to fall below 716 i.e. 5% at the max. Do your own analysis before investing.",25-11-2021 17.09,
1160,"EXPIRY EFFECT,ALL LONGS ROLLED OVER OR SQUARED OFF, TOMORROW NEW EXPIRY DAY WITH UPSIDE TO 770/780",25-11-2021 16.55,
1161,Foreign broking house JPMorgan has maintained a buy call on the stock with a 25% upside target.,25-11-2021 16.43,
1162,The recent breakout level would now be seen as support on the decline and hence one can keep a buy-on-dip approach..,25-11-2021 16.43,
1163,Prices are trading in uncharted territory and hence one should ride the trend by keeping a trailing stop loss method.,25-11-2021 16.43,
1164,"Can go up very quickly from these levels, watch it",25-11-2021 12.44,
1165,ICICI Bank raises 3595 crores via Infrastructure bonds.,25-11-2021 12.37,
1166,"ICICI Bank : Intra Day Target : 746 , short sell call today.",25-11-2021 12.36,
1167,it will blast after 2 pm just wait and watch huge short covering is going to come,25-11-2021 12.32,
1168,Breached 50EMA 750. Will go down further to 728. Sell short or hold for long,25-11-2021 11.00,
1169,Buy ICICI bank at 800 support 650 target 1000 for more info telllleggraammm STOCK GAINERS TRAINING v.gd/GjmAyK,25-11-2021 10.57,
1170,"Bought 5 Lots ICICI BANK Dec Fut at 750 for the TGTS of 775, 780.",25-11-2021 9.56,
1171,"Hi fnds..Resistance is 37340, 37495...If cross these levels... especially 37495, Buy 37400 PE at highest of the bullish candle with 30% of trading capital",25-11-2021 9.46,
1172,ICICI bank available at attractive valuation buy near 790 and add more at lower levels for 980 for more info telllleggraammm STOCK GAINERS TRAINING v.gd/GjmAyK,25-11-2021 9.10,
1173,BUY ICICI BANK 760 KEEP FOR TGT 770/775 FREEE CALLSS INN TELEGRRAMM -TMPUJA,25-11-2021 8.06,
1174,ICICI BANK MADE A GOOD HIGH 772 LEVEL TO BREAK THE CHANNEL TO MOVE FOR ITS NEXT CONSOLIDATION ZONE BETWEEN 775 -800 LEVEL AND SUDDEN WEAKNESS IN THE MARKET CLOSED AT 760 LEVEL. ONCE MARKET TURNS BULLISH IT WILL SETTLE DOWN IN ITS CONSOLIDAT...&nbsp,24-11-2021 20.58,
1175,Looking weak from here with low delivery volume high chances of short sell possible here .,24-11-2021 20.19,
1176,"ICICI Bank has launched online platform, Trade Emerge to offer comprehensive digital banking as well as value-added services to exporters and importers across India. The first-of-its-kind initiative makes cross border trade hassle-free, exp...&nbsp",24-11-2021 19.49,
1177,ICICI Bank. Stock having good potential to meet TGT 800-850-945 SEARCCHH BABLULAB ON TEELLLEGGGRAM,24-11-2021 19.14,
1178,You can watch Real Time FREE Buy Sell Charts of stock market from Technical Charting System at www IntradayAFL com,24-11-2021 18.41,
1179,Best time for investment in pharma more detls. DONT MISS THIS TIME.. Queen of future,24-11-2021 18.36,
1180,"Can go up very quickly from these levels, watch it",24-11-2021 17.23,
1181,"SGX Nifty showing level higher than 17000 now possible with getting strong global clues, our Channel continues to give the best Market updates.",24-11-2021 16.49,
1182,This stock with rating change will now soon show new colors... follow our channel for more unbiased insiga,24-11-2021 16.40,
1183,"Intimation regarding Loss of share certificates and issue of duplicate share certificate of ICICI Bank Limited pursuant to SEBI Regulations, 2015",24-11-2021 16.08,
1184,Buy Icici Bank with target of 771 & stop loss at 757......visit goyaltips....,24-11-2021 14.18,
1185,ICICI bank available at attractive valuation buy near 800 and add more at lower levels for 890 for more info tellleggraam STOCK GAINERS TRAINING v.gd/GjmAyK,24-11-2021 14.10,
1186,Long term investor always book profit on market pullback. Those who have too much money can buy and loose their capital.,24-11-2021 13.46,
1187,"Can go up very quickly from these levels, watch it",24-11-2021 13.36,
1188,Market always gives superb return to long term holders so fill ur portfolio with long term stocks.. Queen of future,24-11-2021 13.34,
1189,Profit booking going on...Call buyers stay alert or book profit and wait,24-11-2021 13.26,
1190,"Neha Ji, is there further upside left in next 1 week to go past 800",24-11-2021 12.49,
1191,This stock is underrated now ....May go up very soon anytime,24-11-2021 12.20,
1192,"Can go up very quickly from these levels, wait and watch. follow our channel for more unbiased insights",24-11-2021 12.05,
1193,ICICI bank available at attractive valuation buy near 790 and add more at lower levels for 980 for more info telllleggraammm STOCK GAINERS TRAINING v.gd/GjmAyK,24-11-2021 11.50,
1194,ICICI Bank might be a bull trap stay cautious during next two weeks,24-11-2021 10.04,
1195,buy ICICI Bank fut 752-745 cbsl 737 target 775-782-792..............,24-11-2021 9.36,
1196,today my target 700 sell on rise downtrend started sell sell,24-11-2021 9.18,
1197,ICICI bank available at attractive valuation buy near 790 and add more at lower levels for 980 for more info telllleggraammm STOCK GAINERS TRAINING v.gd/GjmAyK,24-11-2021 9.08,
1198,"Some Unauthorized News is coming from another forums, check nowChek detls tlee-gram neha0103",23-11-2021 18.45,
1199,Only our channel guides you with unbiased recommendations and levels to win in any form of the market .,24-11-2021 7.30,
1200,Telle grm AskCharts : ICICI Bank moving in range in daily chart. It will be bullish if it breaks above the resistance of 765 with next fibb resistance 810. Learn how to predict stock price movements in my Telleegrm AskCharts,24-11-2021 6.09,
1201,icici ADR 5 % down it means kam se kam 3 se 4 % girega pakka target 720,24-11-2021 5.37,
1202,"ICICI BANK as per daily chart pattern analysis consolidates, breakout and a downtrend channel and this is its pattern and now its in down trend channel and once it breaks 775 level it will continue to consolidate 775-800 level before the ne...&nbsp",24-11-2021 0.34,
1203,icicibank results are very good and sometimes markets behave differently and the price will get adjusted slowly and people become panic sometimes and long term story of iccibank is very good and almost all funds are holding the stock and ex...&nbsp,23-11-2021 23.16,
1204,ICICI bank available at attractive valuation buy near 790 and add more at lower levels for 980 for more info telllleggraammm STOCK GAINERS TRAINING v.gd/GjmAyK,23-11-2021 21.05,
1205,"BUY ICICI BANK 763 SL 756 TARGET 770/780, TELLEGRAAM - GLOBTRAD",18-11-2021 12.11,
1206,Telle grm AskCharts : ICICI Bank moving in range in daily chart. It will be bullish if it breaks above the resistance of 765 with next fibb resistance 810. Learn how to predict stock price movements in my Telleegrm AskCharts,23-11-2021 19.21,
1207,"dow jones about to make big deep red candle. FII sold 4000 cr today, crash is incoming.",23-11-2021 18.50,
1208,This is good stock to add in our portfolio and we are getting it at cheap rates.,23-11-2021 18.27,
1209,It is also important to close all open positions. Intraday traders often fail to do so due to fear of booking a loss.,23-11-2021 15.51,
1210,it is generally a sound decision to go ahead and close the position even if the target is not achieved.,23-11-2021 15.51,
1211,"In order to beat the volatility of stock markets, it is also handy to have a predetermined intraday trading strategy and stick to it.",23-11-2021 15.51,
1212,"Banking sector involvement has been increased significantly affected customers across industries,,,more company updates only in our Channel..",23-11-2021 15.33,
1213,"Can go up very quickly from these levels, watch it",23-11-2021 15.26,
1214,"ICICI Bank : Intra Day Target : 752, buy call given today.",23-11-2021 12.20,
1215,Target 224....by day end....If in loss carry forward and add some more qty at 15.27 for next day exit with profit..However possibility of NASDAQ fall due touched highest,23-11-2021 12.04,
1216,753 cross karne ke bad dekhana kaise bhagega..sell mat karna honge..,23-11-2021 12.01,
1217,Buy call..Buy 37500 CE only at lowest point of Big bearish candle...for 30% of your trading value. remain 70% dont use...Seems range bound also,23-11-2021 12.00,
1218,"Be aware, Bulls dumping money unless buying at certain movements.. Yesterday bear. But today stay with BULL only",23-11-2021 11.55,
1219,Hi fnds. Good morning... Today Bull roaring.. Possibility of reversal. So dont buy PE under any condition if not fall 36850 level...Buy CE only...Very less chances of LOSS,23-11-2021 11.54,
1220,"Can go up very quickly from these levels, wait and watch. follow our channel for more unbiased insights .",23-11-2021 11.36,
1221,buy icici bank immidaite target 752 or 762,23-11-2021 10.58,
1222,#UPDATE The State Department urged Americans not to travel to Germany and Denmark due to surging Covid-19 cases in Europe,23-11-2021 9.51,
1223,"Entire Europe shut, clashes erupted in Netherlands. sell now.",23-11-2021 9.40,
1224,"Banking sector involvement has been increased significantly affected customers across industries,,,more company updates only in our Channel..",23-11-2021 6.35,
1225,ICICI BANK STILL IN THE DOWNTREND CHANNEL AND ONCE MARKET REVERSE THE STOCK SHOULD MOVE UP.,22-11-2021 21.57,
1226,"Biden announces Powell as fed chief for another 4 years, tomorrow and day after we should rally",22-11-2021 20.57,
1227,"The recent stock observation, coupled with the fact that it has hit the crucial levels, suggests that it can witness a brief consolidation.",22-11-2021 20.26,
1228,Companies like Motherson Sumi and Bharat Forge reported a strong set of numbers. PNB Housing deal with the Carlyle Group fuelled up the entire housing sector.,22-11-2021 20.22,
1229,"Can go up very quickly from these levels, watch it",22-11-2021 17.58,
1230,This is only buy for investment purpose for 25% return in near term,22-11-2021 17.48,
1231,This stock with rating change will now soon show new colors... follow our channel for more unbiased insiga,22-11-2021 17.32,
1232,Is it positive or negative for company stock for near term trade?,22-11-2021 17.22,
1233,"ICICI Bank Limited has informed the Exchange regarding allotment of 594312 securities pursuant to ESOP/ESPS at its meeting held on November 22, 2021",22-11-2021 16.19,
1234,DAY TARGET ACHIEVED...750 TARGET WAS GIVEN IN THE MORNING TODAY....TRUCK LOAD OF MONEY MADE BY MY FOLLOWERS....STAY TUNED FOR MORE UPDATES ON THIS STOCK.....KEEP TUNED WITH MY CALLS,22-11-2021 14.15,
1235,Sell ICICI Bank with target of 739 & Stop loss at 753...visit goyaltips,22-11-2021 13.46,
1236,"Who are ceen my Alert, they may gain profit or saved from loss...That is technical analysis",22-11-2021 12.19,
1237,Looks like ICICI Bank is turning weak and might crack till 660 levels,22-11-2021 12.14,
1238,alert alert alert ...Big sell off zone. alertt alert,22-11-2021 12.02,
1239,Dont attempt to rise it... its falling knife...If attempted every time fall further...Just sell sell selll selll sell 300-600 drop remaining in banknifty,22-11-2021 11.53,
1240,Buy Greenply for easy profit .CMP 210 .4 - 5 days targets are 255 .,22-11-2021 11.41,
1241,now showing strength in falling market...huge upside possible from this level...keep buying now.,22-11-2021 11.41,
1242,300-600 points down possible in banknifty.... Dont catch falling knife...sell sell sell only...Buy zone at 14.00 later only,22-11-2021 11.35,
1243,Buy ICICI bank at 840 support 800 target 955 for more info telllleggraammm STOCK GAINERS TRAINING v.gd/GjmAyK,22-11-2021 11.32,
1244,Buy ICICI bank at 800 support 650 target 1000 for more info telllleggraammm STOCK GAINERS TRAINING v.gd/GjmAyK,21-11-2021 23.05,
1245," This is the right time to Buy, should buy now. And the wait will touch  1000 to  1200 a year....",21-11-2021 20.47,
1246,"The bank has already seen 4.5 million downloads, but more importantly, it has been successful in selling a loan or a deposit account to 10% of these customers. With the early success, ICICI Bank expects to gain more insights into consumer b...&nbsp",21-11-2021 18.51,
1247,ICICI Bank has made huge gains in customer acquisitions just nine months after it opened its flagship mobile banking application to non-bank customers.,21-11-2021 18.50,
1248,Monday it will touch 785 to 790 buy it,21-11-2021 18.47,
1249,This stock with rating change will now soon show new colors... follow our channel for more unbiased insiga,21-11-2021 17.20,
1250,"SGX Nifty showing level higher than 17000 now possible with getting strong global clues, our Channel continues to give the best Market updates.",21-11-2021 17.14,
1251,Very well teaching by neha on how to Head and Shoulder & Inverse Head and Shouldertallggram neha0103,18-11-2021 19.16,
1252,Investing is not an easy mind game ....it requires patience to feel the power of stock market..... Queen of future,21-11-2021 10.57,
1253,"Can go up very quickly from these levels, watch it",21-11-2021 9.35,
1254,"At times, you will have to step out of your comfort zone to realize significant gains.",20-11-2021 22.15,
1255,Dont rely on others advice. Study yourself with previous data and take help from authentic experts. If you are still confused go for mutual funds. This market is so slippery that you can get loss beyond your tolerance limit and then no body...&nbsp,20-11-2021 21.52,
1256,Sir this 980 target is upto which time. The LTP was 762 should we wait for it to go up to 790 to buy.,20-11-2021 21.47,
1257,Buy target 850 in 10-15 days..! long term Target of 1000.,20-11-2021 20.12,
1258,"Post a base Triangle breakout in mid-July, the stock resumed the larger uptrend. For the week gone by, it has formed a bullish outside bar pattern on the weekly chart, which reinforces the uptrend",20-11-2021 19.54,
1259,buy icici bank big correction is over now,20-11-2021 19.29,
1260,adr up up up adr up buy buy buy buy buy....icici bank buy buy,20-11-2021 19.29,
1261,"SGX Nifty showing level higher than 17000 now possible with getting strong global clues, our Channel continues to give the best Market updates.",20-11-2021 19.27,
1262,"Can go up very quickly from these levels, watch it",20-11-2021 18.40,
1263,This stock is a very good choice to your portfolio ...buy at current levels for Good investment,20-11-2021 17.04,
1264,"Can go up very quickly from these levels, watch it",20-11-2021 10.42,
1265,To knw Queen of future This stock may give u 2x 3x returns this year for sure ..very bullish on techincal chart For any help orTips.... To knw Queen of future,20-11-2021 10.02,
1266,"Some Unauthorized News is coming from another forums, check now... Queen of future",20-11-2021 10.01,
1267,Buy ICICI bank at 840 support 800 target 955 for more info telllleggraammm STOCK GAINERS TRAINING v.gd/GjmAyK,20-11-2021 9.27,
1268,do not Buy for long term Now wait for few moments and Dip with right levels,20-11-2021 7.34,
1269,PMC fincrop next multibigger stock target RS.10 plus March 2022 buy and hold once again RS.100 plus next 2 years v.gd/wSQSTI,19-11-2021 19.40,
1270,Crude oil Beneficiaries like ongc gail and bpcl will fire. Want to know more beneficiary cost Crude oil Beneficiaries like ongc gail and bpcl will fire. Want to know more beneficiary cos ..v.gd/wSQSTI,19-11-2021 19.40,
1271,This stock with rating change will now soon show new colors... follow our channel for more unbiased insiga,19-11-2021 18.10,
1272,"SGX Nifty showing level higher than 17000 now possible with getting strong global clues, our Channel continues to give the best Market updates.",19-11-2021 17.18,
1273,"Some Unauthorized News is coming from another forums, check now v.gd/wSQSTI",19-11-2021 14.40,
1274,Investing is not an easy mind game ....it requires patience to feel the power of stock market..... Queen of future,19-11-2021 13.26,
1275,"At times, you will have to step out of your comfort zone to realize significant gains.",19-11-2021 13.23,
1276,How many millionaires do you know who have become wealthy by investing in savings accounts?,19-11-2021 13.23,
1277,Intraday traders should go through historical data and research reports to gauge the demand for a particular stock.,19-11-2021 13.23,
1278,ICICI bank available at attractive valuation buy near 790 and add more at lower levels for 980 for more info telllleggraammm STOCK GAINERS TRAINING v.gd/GjmAyK,19-11-2021 13.09,
1279,"Strong levels, Good Result, Consolidated in last week, strongly recommend this stock for buying for more details... Queen of future",19-11-2021 11.49,
1280,tomorrow will be an interesting make or break day for many stocks.,19-11-2021 7.37,
1281,Buy ICICI bank at 800 support 650 target 1000 for more info telllleggraammm STOCK GAINERS TRAINING v.gd/GjmAyK,18-11-2021 23.20,
1282,BUY ICICI BANK AT TGT 770/778 SL 758 TOMMOROW TELEGRAM-JTKING01,18-11-2021 23.04,
1283,ICICI bank available at attractive valuation buy near 800 and add more at lower levels for 890 for more info tellleggraam STOCK GAINERS TRAINING v.gd/GjmAyK,18-11-2021 22.33,
1284,"On the weekly chart, the counter is placed above all its moving averages after two weeks of correction from the highs",18-11-2021 19.39,
1285,ICICI BANK CONTINUING ITS DELIVERY PERCENTAGE OF 69.06% AS PER NSE EVERYDAY IS POSITIVE AND THE STOCK TODAY FORMING A HAMMER CANDLE THE STOCK SHOULD RISE UP ON MONDAY OR IF THE WEAKNESS CONTINUES THEN IT SHOULD CONSOLIDATE BETWEEN 750 - 770...&nbsp,18-11-2021 19.10,
1286,PMC fincrop next multibigger stock target RS.10 plus March 2022 buy and hold once again RS.100 plus next 2 years v.gd/wSQSTI,18-11-2021 19.07,
1287,Crude oil Beneficiaries like ongc gail and bpcl will fire. Want to know more beneficiary cost Crude oil Beneficiaries like ongc gail and bpcl will fire. Want to know more beneficiary cos ..v.gd/wSQSTI,18-11-2021 19.07,
1288,If you check OI data it clear shows huge put writers at 15700 and 15750...giving good support as sgx nifty close in green by big margin..it clearly indicates bullish apttern in chart analysis...PCR ratio is also good..buy friends and best o...&nbsp,18-11-2021 18.42,
1289,"SGX Nifty showing level higher than 17000 now possible with getting strong global clues, our Channel continues to give the best Market updates.",18-11-2021 18.00,
1290,Buy Icici bank with target of 769 & stop loss at 755.....visit goyaltips...,18-11-2021 17.30,
1291,speedy recovery is expected from these levels...buy for for huge profit..,18-11-2021 17.23,
1292,If you will invest in this the premium will decay less & The profitline will be more high to know more on this..whsspp...844:54:92056,18-11-2021 17.18,
1293,"Can go up very quickly from these levels, watch it",18-11-2021 17.18,
1294,This stock with rating change will now soon show new colors...,18-11-2021 14.41,
1295,"Earn 300 % profit quickly . Buy Manalipetrochemicals .CMP is 120 Targets are 460 , 555 . Best profitable company with demand chemical production",18-11-2021 14.25,
1296,Market experts recommend a few basic intraday rules for individuals.,18-11-2021 14.05,
1297,"it is important for you to choose the right platform, one that allows for quick decision-making, execution, and charges minimal brokerage",18-11-2021 14.05,
1298,Intraday traders make frequent transactions and accrue small gains daily.,18-11-2021 14.05,
1299,Buy ICICI Bank with target of 771 & Stop loss at 757....visit goyaltips,18-11-2021 13.44,
1300,Buy ICICI bank at 800 support 650 target 1000 for more info telllleggraammm STOCK GAINERS TRAINING v.gd/GjmAyK,18-11-2021 13.27,
1301,Bear cartel is very strong . And it appears that bank nifty will not be allowed to go up today at all. instead bears may further hammer it again after 1.30 pm,18-11-2021 12.58,
1302,not a single buyer left in the market these are the times when shortcovering happens,18-11-2021 12.54,
1303,ICICI bank available at attractive valuation buy near 800 and add more at lower levels for 890 for more info tellleggraam STOCK GAINERS TRAINING v.gd/GjmAyK,18-11-2021 12.53,
1304,Bear attack...Bear attack...from 12.13 Hrs....Now Bear will decide this stock moves,18-11-2021 12.16,
1305,"intraday ICICI sell call, target 1: 752, target 2: 739.20. Gems stock.",18-11-2021 12.08,
1306,Huge short covering in banks buy icici sbi cub etc.,18-11-2021 12.07,
1307,Crude oil Beneficiaries like ongc gail and bpcl will fire. Want to know more beneficiary cost Crude oil Beneficiaries like ongc gail and bpcl will fire. Want to know more beneficiary cos........... v.gd/wSQSTI,18-11-2021 11.59,
1308,Growth oriented stocks will be accumulated heavily by fiis and diis. Full list available............ v.gd/wSQSTI,18-11-2021 11.59,
1309,no signs of buying by fii or DIIs today fomc meet big overhang for global markets .......its going to test 50 dma. soon ....,18-11-2021 11.56,
1310,Market always gives superb return to long term holders so fill ur portfolio with long term stocks.. Queen of future,18-11-2021 11.33,
1311,Buy ICICI bank at 840 support 800 target 955 for more info telllleggraammm STOCK GAINERS TRAINING v.gd/GjmAyK,18-11-2021 11.31,
1312,Buy ICICI bank at 800 support 650 target 1000 for more info telllleggraammm STOCK GAINERS TRAINING v.gd/GjmAyK,18-11-2021 11.25,
1313,do not Buy for long term Now wait for few moments and Dip with right levels,18-11-2021 11.24,
1314,Fall alert....Market in Bear control...support level breaked ...CE buyers ....book losses and exit..otherwise loose total.Resistance 38200,18-11-2021 10.07,
1315,"What a shame that Indian stock market at record high with the help of some operator gangs that want only IT, digital marketing , ecommerce companies to be jacked up. All other stocks being pulled down for last 1-2 months .",18-11-2021 10.00,
1316,Bunch of jokers on all business channels were telling investors to buy bank nifty at 42000 and now asking you to sell at What a joke,18-11-2021 9.56,
1317,Buy ICICI bank at 840 support 800 target 955 for more info telllleggraammm STOCK GAINERS TRAINING v.gd/GjmAyK,18-11-2021 9.56,
1318,"Updates: Banknifty resistance is 38200 until 12.01. Morning shorted around 80000 lots in 38200....As per opening, Market raised and 80000 lots shorted in 38200 CE..",18-11-2021 9.53,
1319,ICICI bank available at attractive valuation buy near 790 and add more at lower levels for 980 for more info telllleggraammm STOCK GAINERS TRAINING v.gd/GjmAyK,18-11-2021 9.40,
1320,Big News coming from ICICI BANK.. ACCUMULATE AS MUCH AS POSSIBLE ,18-11-2021 9.26,
1321,With FII & Dii figures positive Bulls are all set to rule the Dalal Street.hurrry make the most of it Chek detls tlee-gram neha0103,17-11-2021 18.46,
1322,tomorrow will be an interesting make or break day for many stocks.,18-11-2021 7.36,
1323,Buy ICICI bank at 840 support 800 target 955 for more info telllleggraammm STOCK GAINERS TRAINING v.gd/GjmAyK,18-11-2021 7.24,
1324,Buy ICICI bank at 840 support 800 target 955 for more info telllleggraammm STOCK GAINERS TRAINING v.gd/GjmAyK,17-11-2021 21.23,
1325,STRONG BUY ICICIBANK FOR A TARGET OF RS 850 WITHIN ONE WEEK,17-11-2021 21.11,
1326,banks stock ate down. 755 and 748 range down. pls check tale grm deepa kartha. add on each support,17-11-2021 20.32,
1327,"The daily price action has formed a small bearish candle carrying either side shadows, indicating indecision at current levels",17-11-2021 20.29,
1328,Intraday Trading requires smart work not hard-work so how to do it safely ping gg on whattzzpp 844:549 2O56,17-11-2021 18.30,
1329,Bunch of jokers on all business channels were telling investors to buy bank nifty at 42000 and now asking you to sell at What a joke,17-11-2021 12.02,
1330,Buy ICICI bank at 800 support 650 target 1000 for more info telllleggraammm STOCK GAINERS TRAINING v.gd/GjmAyK,17-11-2021 15.21,
1331,Options calls are optional??? But which one to chose as better option contact us whzaap ppp 844 54 92O56,17-11-2021 15.02,
1332,SELL SELL....SELL...SELL SELL....SELL SELL8827666091,17-11-2021 14.51,
1333,ICICI bank available at attractive valuation buy near 800 and add more at lower levels for 890 for more info tellleggraam STOCK GAINERS TRAINING v.gd/GjmAyK,17-11-2021 14.46,
1334,Never depend on single income. Make investment to create second source for more info.. Queen Of Futures v.gd/wSQSTI,17-11-2021 11.59,
1335,"What a shame that Indian stock market at record high with the help of some operator gangs that want only IT, digital marketing , ecommerce companies to be jacked up. All other stocks being pulled down for last 1-2 months .",17-11-2021 11.52,
1336,What can be more shocking than the fact all rules of the stock market investing have been changed by some vested gang. 2500 cr turnover companies quoting at 1 lac market cap . Shocking,17-11-2021 11.50,
1337,"Can go up very quickly from these levels, watch it",17-11-2021 11.48,
1338,speedy recovery is expected from these levels...buy for for huge profit..,17-11-2021 11.35,
1339,This is good stock to add in our portfolio and we are getting it at cheap rates,17-11-2021 11.20,
1340,"Best Buy stock by Brokerages. Six months 1000, One year target 1200.",17-11-2021 11.00,
1341,Unlikely scenario analysis developed strong analytical skills developed strong. How?........ .Look for Queenoffutures in Tgram,17-11-2021 10.48,
1342,Tomorrow be ready all operator for strong upper circuit be ready for retailer buying opportunity ......Look for Queenoffutures in Tgram,17-11-2021 10.38,
1343,ICICI bank available at attractive valuation buy near 790 and add more at lower levels for 980 for more info telllleggraammm STOCK GAINERS TRAINING v.gd/GjmAyK,17-11-2021 10.33,
1344,tomorrow again it is going to fall upto 725,16-11-2021 23.48,
1345,ICICI bank available at attractive valuation buy near 800 and add more at lower levels for 890 for more info tellleggraam STOCK GAINERS TRAINING v.gd/GjmAyK,16-11-2021 23.03,
1346,ICICI BANK WILL MOVE TO RS 850 LEVELS BUY /HOLD,16-11-2021 22.22,
1347,Best time for investment in pharma more detls. DONT MISS THIS TIME.. Queen of future,16-11-2021 22.00,
1348,ICICI bank available at attractive valuation buy near 790 and add more at lower levels for 980 for more info telllleggraammm STOCK GAINERS TRAINING v.gd/GjmAyK,16-11-2021 21.41,
1349,Now people realised my words...high accuracy justified about short sell...global funds withdrawal,16-11-2021 20.52,
1350,NIFTY CANT GO BACK TO 18200/18300WITHOUT BANK NIFTY GOING UP. ICICI BANK HAS BIG WEIGHTAGE IN BANK NIFTY.,16-11-2021 20.36,
1351,The zeel of trading comes with Red color in our portfolio to make it Green & Positive results Come .....v.gd/wSQSTI,16-11-2021 20.26,
1352,ICICI BANK YESTRDAY DELIVERY 63.21% AND TODAY 72.58% AS PER NSE AND THIS SHOWS A STRONG ACCUMULATION IS GOING ON AND ONCE BANKING STOCK RISES THEN CAN SEE ICICI BANK WITH LONG GREEN CANDLES IN THE DAY CHART.,16-11-2021 20.15,
1353,icici will fall more than 7% as viral in hni groups,16-11-2021 20.09,
1354,This is good stock to add in our portfolio and we are getting it at cheap rates,16-11-2021 16.26,
1355,current market price is very good for fresh entry. Stock may start upward trend anytime.,16-11-2021 16.16,
1356,"This is just nifty manipulation to bring it down to 17925 and keep IT strong and banks weak, tomorrow FM will meets banks so private banks will lead nifty again to 18200-18270 cheers",16-11-2021 16.01,
1357,This is good stock to add in our portfolio and we are getting it at cheap rates,16-11-2021 15.42,
1358,"Some Unauthorized News is coming from another forums, check now... Queen Of Futures v.gd/wSQSTI",16-11-2021 15.06,
1359,Investing is not an easy mind game ....it requires patience to feel the power of stock market..... Queen Of Futures v.gd/wSQSTI,16-11-2021 15.06,
1360,"Enclosed, please find the schedule of 24th Annual CITIC CLSA India Forum held on November 15, 2021. You are requested to take note of above and arrange to bring it to the notice of all concerned.",16-11-2021 13.02,
1361,Technically looking very week in upcoming session so stay away for sometime...,16-11-2021 14.21,
1362,Buy ICICI bank at 800 support 650 target 1000 for more info telllleggraammm STOCK GAINERS TRAINING v.gd/GjmAyK,16-11-2021 13.52,
1363,mrp fixed to 768.95 by operators. retail investors wait for their match to over. let it come down to 700 levels. not to buy a single one now.,16-11-2021 13.12,
1364,Market always gives superb return to long term holders so fill ur portfolio with long term stocks.. Queen Of Futures v.gd/wSQSTI,16-11-2021 10.07,
1365,"Some Unauthorized News is coming from another forums, check now... Queen Of Futures v.gd/wSQSTI",16-11-2021 10.06,
1366,"What a shocking market. Only ecommerce related stocks being jacked up every day by some vested gang and rest of the market being hammered down everyday, so that investors apply for new age IPOs at highly unreasonable prices.",16-11-2021 10.06,
1367,Looking weak from here with low delivery volume high chances of short sell possible here,16-11-2021 10.00,
1368,ICICI Bank broke the resistance and high possibility of falling further.,16-11-2021 9.48,
1369,ICICI bank available at attractive valuation buy near 790 and add more at lower levels for 980 for more info telllleggraammm STOCK GAINERS TRAINING v.gd/GjmAyK,16-11-2021 9.12,
1370,Possibility of short sell today...sell at highs only...ADR negative -0.68%.....HDFC bank -1.07% (negative too),16-11-2021 8.56,
1371,"What a shame that Indian stock market at record high with the help of some operator gangs that want only IT, digital marketing , ecommerce companies to be jacked up. All other stocks being pulled down for last 1-2 months .",16-11-2021 7.51,
1372,The RSI oscillator is hinting at a continuation of the positive momentum and thus it could continue its up move in the short term.,16-11-2021 5.17,
1373,Investing is not an easy mind game ....it requires patience to feel the power of stock market..... Queen of future,15-11-2021 21.45,
1374,worst performance by the gem..very unsatisfactory....hoping tht it will recover soon within a week....wait for 800 resistance for future investment.,15-11-2021 14.44,
1375,2k21 has been so Unprecedented for Long term most likely to confirm acceptance change the game.......v.gd/wSQSTI,15-11-2021 14.10,
1376,Buy ICICI bank at 840 support 800 target 955 for more info telllleggraammm STOCK GAINERS TRAINING v.gd/GjmAyK,15-11-2021 13.17,
1377,"What a shame that Indian stock market at record high with the help of some operator gangs that want only IT, digital marketing , ecommerce companies to be jacked up. All other stocks being pulled down for last 1-2 months .",15-11-2021 13.14,
1378,Big sell out Alert...Delhi lock down announced ,15-11-2021 13.10,
1379,Buy ICICI bank at 800 support 650 target 1000 for more info telllleggraammm STOCK GAINERS TRAINING v.gd/GjmAyK,15-11-2021 12.42,
1380,maha stock ever... sliding continuosly day by day,15-11-2021 12.34,
1381,Buy ICICI bank at 840 support 800 target 955 for more info telllleggraammm STOCK GAINERS TRAINING v.gd/GjmAyK,15-11-2021 10.47,
1382,We expect ICICI bank to reach 850 levels by December 21 month end.,15-11-2021 10.33,
1383,"ICICI Bank : Intra Day Target : 775, short sell call for today. Initiate this trade today to make good profits.",15-11-2021 10.32,
1384,"Can go up very quickly from these levels, wait and watch. follow our channel for more unbiased insights",14-11-2021 18.25,
1385,Looking weak from here with low delivery volume high chances of short sell possible here,14-11-2021 18.18,
1386,Very well teaching by neha on how to Head and Shoulder & Inverse Head and Shouldertallggram neha0103,14-11-2021 11.34,
1387,"if certain sectors are not nurtured and financial flows are not maintained to these, there could be a risk of these businesses reaching a no-returns stage and thus an erosion in the supply-side of the economy.",14-11-2021 12.38,
1388,Buy ICICI bank at 840 support 800 target 955 for more info telllleggraammm STOCK GAINERS TRAINING v.gd/GjmAyK,14-11-2021 11.39,
1389,"Can go up very quickly from these levels, wait and watch. follow our channel for more unbiased insights",14-11-2021 11.21,
1390,"Muthoot increased after forming morning star pattern, but still bullish as per indicators in day chart.",14-11-2021 10.57,
1391,Buy ICICI Bank with target of 784 & Stop loss at 770....visit goyaltips,14-11-2021 8.12,
1392,Looking weak from here with low delivery volume high chances of short sell possible here,14-11-2021 7.54,
1393,Buy ICICI bank at 840 support 800 target 955 for more info telllleggraammm STOCK GAINERS TRAINING v.gd/GjmAyK,13-11-2021 21.59,
1394,ICICI bank available at attractive valuation buy near 790 and add more at lower levels for 980 for more info telllleggraammm STOCK GAINERS TRAINING v.gd/GjmAyK,13-11-2021 10.00,
1395,Never depend on single income. Make investment to create second source for more info.. Queen Of Futures,13-11-2021 9.14,
1396,"Some Unauthorized News is coming from another forums, check now... Queen Of Futures",13-11-2021 9.13,
1397,Assest Quality is almost like backbone of a bank to survive,13-11-2021 8.23,
1398,POSTED YESTERDAY AFTER FILLING THE GAP THE STOCK SHOULD REVERSE AND TODAY ICICI BANK HAS REVERSED AND THE TREND SHOULD CHANGE FROM HERE. HAPPY WEEKEND TO ALL.,12-11-2021 23.23,
1399,Buy on dips Just Hold Tightly Free Win Trade,12-11-2021 22.50,
1400,ICICI bank available at attractive valuation buy near 800 and add more at lower levels for 890 for more info tellleggraam STOCK GAINERS TRAINING v.gd/GjmAyK,12-11-2021 22.39,
1401,Icici bank will perform on Monday.Axis is Weak.Follow for Accurate calls,12-11-2021 22.22,
